
Frequency	dB	Unweighted
19.5	58.3
19.8	58.8
20.1	59.0
20.3	59.3
20.6	59.3
20.9	59.8
21.2	59.4
21.6	60.1
21.9	60.1
22.2	60.1
22.5	60.2
22.8	60.4
23.2	60.5
23.5	61.1
23.8	61.0
24.2	61.5
24.5	61.2
24.9	61.3
25.3	61.7
25.6	61.4
26.0	61.7
26.4	62.1
26.8	62.3
27.2	62.1
27.5	62.1
28.0	62.3
28.4	62.7
28.8	62.6
29.2	62.9
29.6	62.6
30.0	63.1
30.5	63.0
30.9	63.1
31.4	63.4
31.8	63.3
32.3	63.5
32.8	63.4
33.2	63.3
33.7	63.6
34.2	64.0
34.7	63.7
35.2	63.8
35.7	63.7
36.2	64.1
36.8	63.9
37.3	64.2
37.9	64.3
38.4	64.5
39.0	64.3
39.5	64.1
40.1	64.8
40.7	64.4
41.3	65.1
41.9	64.7
42.5	65.1
43.1	65.3
43.7	64.6
44.4	65.2
45.0	65.0
45.7	65.3
46.3	65.3
47.0	65.6
47.7	65.2
48.4	65.5
49.1	65.8
49.8	65.3
50.5	65.3
51.3	65.9
52.0	65.7
52.8	65.7
53.5	65.9
54.3	66.1
55.1	66.2
55.9	66.4
56.7	66.1
57.5	66.3
58.4	66.3
59.2	66.2
60.1	66.3
61.0	66.4
61.8	66.4
62.7	66.3
63.7	66.6
64.6	66.5
65.5	66.5
66.5	66.7
67.4	66.6
68.4	66.6
69.4	66.7
70.4	67.2
71.5	66.8
72.5	67.2
73.5	66.9
74.6	66.9
75.7	67.2
76.8	67.1
77.9	67.2
79.1	67.0
80.2	67.0
81.4	67.2
82.6	67.4
83.8	67.1
85.0	67.1
86.2	66.9
87.5	67.2
88.7	67.5
90.0	67.6
91.3	67.4
92.7	67.7
94.0	67.4
95.4	67.6
96.8	67.4
98.2	67.2
99.6	67.3
101.0	67.2
103.0	67.6
104.0	67.1
106.0	67.5
107.0	67.4
109.0	67.6
110.0	67.5
112.0	67.5
113.0	67.3
115.0	67.2
117.0	67.7
118.0	67.5
120.0	67.4
122.0	67.7
124.0	67.5
125.0	67.1
127.0	67.6
129.0	67.4
131.0	67.3
133.0	67.4
135.0	67.1
137.0	67.4
139.0	67.4
141.0	67.2
143.0	66.9
145.0	67.4
147.0	67.0
149.0	67.3
151.0	66.6
154.0	66.7
156.0	66.7
158.0	66.7
160.0	66.8
163.0	66.9
165.0	66.8
168.0	67.1
170.0	66.9
172.0	67.0
175.0	66.6
177.0	66.9
180.0	66.6
183.0	66.5
185.0	66.5
188.0	66.5
191.0	66.6
194.0	66.3
196.0	66.8
199.0	66.2
202.0	66.4
205.0	66.5
208.0	66.5
211.0	66.4
214.0	66.1
217.0	66.4
220.0	65.8
224.0	65.6
227.0	66.0
230.0	66.1
234.0	66.0
237.0	66.0
240.0	65.8
244.0	65.8
247.0	65.7
251.0	65.5
255.0	65.3
258.0	65.6
262.0	65.3
266.0	65.3
270.0	65.1
274.0	64.9
278.0	64.8
282.0	64.7
286.0	64.7
290.0	64.6
294.0	64.4
298.0	64.7
303.0	64.3
307.0	64.3
312.0	64.4
316.0	64.3
321.0	64.1
325.0	63.6
330.0	63.6
335.0	63.6
340.0	63.4
345.0	63.4
350.0	63.1
355.0	63.0
360.0	62.7
365.0	62.7
371.0	62.7
376.0	62.6
382.0	62.2
387.0	62.5
393.0	61.9
398.0	62.0
404.0	61.9
410.0	61.6
416.0	61.9
422.0	61.5
428.0	61.3
434.0	61.1
441.0	60.9
447.0	60.5
454.0	61.0
460.0	60.5
467.0	60.7
474.0	60.1
481.0	59.9
488.0	59.8
495.0	59.8
502.0	59.9
509.0	59.6
517.0	59.4
524.0	59.2
532.0	59.2
540.0	58.9
547.0	59.0
555.0	58.8
563.0	58.6
572.0	58.3
580.0	58.1
588.0	58.1
597.0	57.7
606.0	57.7
614.0	57.5
623.0	57.4
632.0	57.5
642.0	56.9
651.0	57.3
660.0	57.1
670.0	56.5
680.0	56.9
690.0	56.4
700.0	56.6
710.0	56.1
720.0	56.3
731.0	56.2
741.0	55.8
752.0	55.8
763.0	55.7
774.0	55.4
785.0	55.3
797.0	55.2
808.0	55.3
820.0	55.2
832.0	55.2
844.0	55.0
856.0	54.8
869.0	54.8
882.0	54.4
894.0	55.0
907.0	54.8
921.0	54.3
934.0	54.2
948.0	54.5
961.0	54.4
975.0	54.4
990.0	53.9
1004.0	54.2
1019.0	54.0
1033.0	54.1
1048.0	54.2
1064.0	54.1
1079.0	54.1
1095.0	54.0
1111.0	54.1
1127.0	53.7
1143.0	53.9
1160.0	54.1
1177.0	54.2
1194.0	54.2
1211.0	54.1
1229.0	54.2
1247.0	54.2
1265.0	54.1
1283.0	54.2
1302.0	54.3
1321.0	54.6
1340.0	54.3
1360.0	54.8
1379.0	54.4
1399.0	55.0
1420.0	54.7
1440.0	54.8
1461.0	55.1
1483.0	55.2
1504.0	55.8
1526.0	55.7
1548.0	56.2
1571.0	56.5
1594.0	56.6
1617.0	56.7
1640.0	56.6
1664.0	56.9
1688.0	57.3
1713.0	57.7
1738.0	58.3
1763.0	58.5
1789.0	58.7
1815.0	58.9
1841.0	59.7
1868.0	59.8
1895.0	60.2
1923.0	61.0
1951.0	61.3
1979.0	61.7
2008.0	62.2
2037.0	62.7
2067.0	63.0
2097.0	63.6
2127.0	64.1
2158.0	64.4
2190.0	65.4
2221.0	65.6
2254.0	66.2
2287.0	66.7
2320.0	67.6
2354.0	67.9
2388.0	68.4
2423.0	69.4
2458.0	69.8
2494.0	70.1
2530.0	70.6
2567.0	71.5
2604.0	71.9
2642.0	72.7
2680.0	73.1
2719.0	73.7
2759.0	73.9
2799.0	74.1
2840.0	74.4
2881.0	75.1
2923.0	75.2
2965.0	75.4
3008.0	75.7
3052.0	76.0
3097.0	75.9
3142.0	76.3
3187.0	76.6
3234.0	76.5
3281.0	75.9
3328.0	76.3
3377.0	76.1
3426.0	75.6
3476.0	75.8
3526.0	75.3
3578.0	75.1
3630.0	74.3
3682.0	74.2
3736.0	73.7
3790.0	72.9
3846.0	72.9
3901.0	71.8
3958.0	71.5
4016.0	71.0
4074.0	70.1
4133.0	69.8
4194.0	69.1
4255.0	68.5
4316.0	67.9
4379.0	68.3
4443.0	67.6
4508.0	67.9
4573.0	68.0
4640.0	67.5
4707.0	67.8
4776.0	67.6
4845.0	67.4
4916.0	67.0
4987.0	66.4
5060.0	65.2
5133.0	64.6
5208.0	62.9
5284.0	62.3
5360.0	61.4
5438.0	60.0
5518.0	59.2
5598.0	58.8
5679.0	58.5
5762.0	58.2
5846.0	57.8
5931.0	57.5
6017.0	57.6
6104.0	57.4
6193.0	58.0
6283.0	57.7
6375.0	58.1
6467.0	57.9
6561.0	57.8
6657.0	57.8
6754.0	57.6
6852.0	57.2
6952.0	56.9
7053.0	56.5
7155.0	56.4
7259.0	56.3
7365.0	56.4
7472.0	56.2
7581.0	56.7
7691.0	56.6
7803.0	55.9
7916.0	55.5
8032.0	54.6
8148.0	54.6
8267.0	54.3
8387.0	54.2
8509.0	54.1
8633.0	54.0
8758.0	54.4
8886.0	54.2
9015.0	54.4
9146.0	55.0
9279.0	55.5
9414.0	56.2
9551.0	56.6
9690.0	57.0
9831.0	57.1
9974.0	56.5
10119.0	56.2
10266.0	55.5
10416.0	55.7
10567.0	55.6
10721.0	55.1
10877.0	55.1
11035.0	54.7
11196.0	54.2
11358.0	53.6
11524.0	52.8
11691.0	51.3
11861.0	49.9
12034.0	48.5
12209.0	47.8
12386.0	46.2
12567.0	45.0
12749.0	43.4
12935.0	41.9
13123.0	40.5
13314.0	39.5
13507.0	38.5
13704.0	37.2
13903.0	36.3
14105.0	35.6
14311.0	34.8
14519.0	34.2
14730.0	33.6
14944.0	33.2
15162.0	33.2
15382.0	33.1
15606.0	32.5
15833.0	32.7
16063.0	32.8
16297.0	32.6
16534.0	33.0
16774.0	32.9
17018.0	33.6
17266.0	34.0
17517.0	34.5
17772.0	35.1
18030.0	36.0
18293.0	37.1
18559.0	37.9
18829.0	39.3
19102.0	40.9
19380.0	42.4
20000.0	46.5
