20.290907	86.807
20.437943	86.867
20.586044	86.928
20.735220	86.993
20.885475	87.058
21.036821	87.123
21.189262	87.187
21.342808	87.252
21.497467	87.317
21.653246	87.382
21.810154	87.448
21.968201	87.513
22.127390	87.580
22.287735	87.646
22.449242	87.712
22.611917	87.778
22.775772	87.843
22.940815	87.908
23.107054	87.973
23.274498	88.037
23.443153	88.101
23.613033	88.164
23.784142	88.227
23.956491	88.289
24.130091	88.351
24.304947	88.412
24.481071	88.473
24.658470	88.534
24.837156	88.595
25.017136	88.655
25.198421	88.715
25.381020	88.775
25.564941	88.836
25.750195	88.896
25.936790	88.956
26.124741	89.016
26.314051	89.076
26.504732	89.136
26.696796	89.196
26.890253	89.256
27.085112	89.315
27.281382	89.375
27.479073	89.433
27.678198	89.492
27.878765	89.550
28.080786	89.608
28.284271	89.666
28.489231	89.723
28.695675	89.780
28.903616	89.837
29.113064	89.894
29.324028	89.950
29.536524	90.007
29.750557	90.063
29.966141	90.119
30.183289	90.174
30.402010	90.229
30.622314	90.284
30.844217	90.339
31.067726	90.393
31.292856	90.448
31.519617	90.502
31.748020	90.558
31.978081	90.613
32.209808	90.668
32.443211	90.723
32.678310	90.778
32.915108	90.833
33.153625	90.886
33.393871	90.939
33.635857	90.992
33.879597	91.043
34.125103	91.094
34.372387	91.145
34.621464	91.194
34.872345	91.243
35.125042	91.291
35.379574	91.338
35.635948	91.386
35.894180	91.434
36.154285	91.482
36.416275	91.532
36.680161	91.583
36.945961	91.635
37.213688	91.688
37.483353	91.741
37.754974	91.793
38.028561	91.845
38.304131	91.895
38.581699	91.945
38.861279	91.995
39.142883	92.044
39.426529	92.092
39.712231	92.141
40.000000	92.188
40.289856	92.236
40.581814	92.282
40.875885	92.328
41.172089	92.374
41.470440	92.419
41.770950	92.464
42.073643	92.508
42.378525	92.553
42.685616	92.597
42.994934	92.640
43.306492	92.682
43.620308	92.721
43.936401	92.758
44.254780	92.791
44.575470	92.820
44.898483	92.848
45.223835	92.875
45.551544	92.904
45.881630	92.938
46.214108	92.979
46.548996	93.026
46.886307	93.077
47.226067	93.131
47.568283	93.185
47.912983	93.237
48.260181	93.288
48.609894	93.336
48.962143	93.382
49.316940	93.427
49.674313	93.470
50.034271	93.511
50.396843	93.548
50.762039	93.583
51.129883	93.617
51.500389	93.650
51.873581	93.683
52.249481	93.715
52.628101	93.747
53.009464	93.779
53.393593	93.811
53.780506	93.843
54.170223	93.875
54.562763	93.908
54.958145	93.940
55.356396	93.971
55.757530	94.001
56.161572	94.030
56.568542	94.059
56.978462	94.087
57.391350	94.115
57.807232	94.141
58.226128	94.167
58.648056	94.192
59.073048	94.215
59.501114	94.238
59.932281	94.260
60.366577	94.281
60.804020	94.300
61.244629	94.318
61.688435	94.335
62.135452	94.350
62.585712	94.364
63.039234	94.378
63.496040	94.393
63.956161	94.410
64.419617	94.428
64.886421	94.449
65.356621	94.472
65.830215	94.496
66.307251	94.521
66.787743	94.547
67.271713	94.576
67.759193	94.606
68.250206	94.636
68.744774	94.664
69.242928	94.691
69.744690	94.717
70.250084	94.744
70.759148	94.770
71.271896	94.796
71.788361	94.821
72.308571	94.846
72.832550	94.869
73.360321	94.891
73.891922	94.910
74.427376	94.926
74.966705	94.938
75.509949	94.948
76.057121	94.956
76.608261	94.960
77.163399	94.961
77.722557	94.959
78.285767	94.953
78.853058	94.944
79.424461	94.931
80.000000	94.914
80.579712	94.895
81.163628	94.874
81.751770	94.855
82.344177	94.836
82.940880	94.820
83.541901	94.808
84.147285	94.801
84.757050	94.798
85.371231	94.798
85.989868	94.800
86.612984	94.804
87.240616	94.808
87.872803	94.809
88.509560	94.806
89.150940	94.795
89.796967	94.775
90.447670	94.745
91.103088	94.709
91.763260	94.669
92.428215	94.629
93.097992	94.595
93.772614	94.571
94.452133	94.561
95.136566	94.567
95.825966	94.588
96.520363	94.622
97.219788	94.665
97.924286	94.712
98.633881	94.761
99.348625	94.809
100.068542	94.852
100.793686	94.890
101.524078	94.922
102.259766	94.947
103.000778	94.966
103.747162	94.980
104.498962	94.990
105.256203	94.999
106.018929	95.008
106.787186	95.019
107.561012	95.033
108.340446	95.047
109.125526	95.062
109.916290	95.076
110.712791	95.088
111.515060	95.097
112.323143	95.103
113.137085	95.107
113.956924	95.109
114.782700	95.110
115.614464	95.110
116.452255	95.113
117.296112	95.117
118.146095	95.125
119.002228	95.136
119.864563	95.150
120.733154	95.167
121.608040	95.185
122.489258	95.204
123.376869	95.221
124.270905	95.238
125.171425	95.256
126.078468	95.274
126.992081	95.292
127.912323	95.309
128.839233	95.325
129.772842	95.339
130.713242	95.352
131.660431	95.364
132.614502	95.376
133.575485	95.386
134.543427	95.395
135.518387	95.403
136.500412	95.410
137.489548	95.416
138.485855	95.422
139.489380	95.427
140.500168	95.431
141.518295	95.435
142.543793	95.438
143.576721	95.441
144.617142	95.443
145.665100	95.445
146.720642	95.446
147.783844	95.447
148.854752	95.448
149.933411	95.448
151.019897	95.448
152.114243	95.448
153.216522	95.447
154.326797	95.446
155.445114	95.445
156.571533	95.444
157.706116	95.442
158.848923	95.439
160.000000	95.435
161.159424	95.428
162.327255	95.419
163.503540	95.409
164.688354	95.399
165.881760	95.389
167.083801	95.378
168.294571	95.368
169.514099	95.356
170.742462	95.345
171.979736	95.333
173.225967	95.321
174.481232	95.309
175.745605	95.297
177.019119	95.285
178.301880	95.272
179.593933	95.260
180.895340	95.247
182.206177	95.233
183.526520	95.220
184.856430	95.205
186.195984	95.191
187.545227	95.176
188.904266	95.161
190.273132	95.146
191.651932	95.130
193.040726	95.115
194.439575	95.099
195.848572	95.084
197.267761	95.070
198.697250	95.056
200.137085	95.044
201.587372	95.034
203.048157	95.024
204.519531	95.015
206.001556	95.005
207.494324	94.996
208.997925	94.986
210.512405	94.976
212.037857	94.966
213.574371	94.955
215.122025	94.944
216.680893	94.932
218.251053	94.921
219.832581	94.908
221.425583	94.895
223.030121	94.881
224.646286	94.867
226.274170	94.852
227.913849	94.837
229.565399	94.823
231.228928	94.808
232.904510	94.794
234.592224	94.781
236.292191	94.769
238.004456	94.756
239.729126	94.744
241.466309	94.730
243.216080	94.716
244.978516	94.701
246.753738	94.685
248.541809	94.668
250.342850	94.650
252.156937	94.630
253.984161	94.610
255.824646	94.590
257.678467	94.570
259.545685	94.552
261.426483	94.534
263.320862	94.516
265.229004	94.498
267.150970	94.481
269.086853	94.464
271.036774	94.447
273.000824	94.430
274.979095	94.412
276.971710	94.395
278.978760	94.377
281.000336	94.358
283.036591	94.338
285.087585	94.318
287.153442	94.297
289.234283	94.277
291.330200	94.256
293.441284	94.237
295.567688	94.219
297.709503	94.202
299.866821	94.186
302.039795	94.170
304.228485	94.155
306.433044	94.140
308.653595	94.124
310.890228	94.110
313.143066	94.097
315.412231	94.086
317.697845	94.079
320.000000	94.073
322.318848	94.067
324.654510	94.062
327.007080	94.057
329.376709	94.052
331.763519	94.046
334.167603	94.040
336.589142	94.034
339.028198	94.028
341.484924	94.022
343.959473	94.016
346.451935	94.011
348.962463	94.006
351.491211	94.002
354.038239	93.999
356.603760	93.997
359.187866	93.995
361.790680	93.993
364.412354	93.993
367.053040	93.993
369.712860	93.994
372.391968	93.996
375.090454	93.999
377.808533	94.001
380.546265	94.004
383.303864	94.006
386.081451	94.008
388.879150	94.010
391.697144	94.013
394.535522	94.017
397.394501	94.021
400.274170	94.025
403.174744	94.030
406.096313	94.034
409.039062	94.038
412.003113	94.042
414.988647	94.046
417.995850	94.051
421.024811	94.057
424.075714	94.062
427.148743	94.067
430.244049	94.071
433.361786	94.076
436.502106	94.079
439.665161	94.079
442.851166	94.078
446.060242	94.079
449.292572	94.080
452.548340	94.082
455.827698	94.083
459.130798	94.084
462.457855	94.086
465.809021	94.090
469.184448	94.092
472.584381	94.096
476.008911	94.100
479.458252	94.107
482.932617	94.116
486.432159	94.124
489.957031	94.131
493.507477	94.138
497.083618	94.145
500.685699	94.152
504.313873	94.160
507.968323	94.167
511.649292	94.175
515.356934	94.183
519.091370	94.193
522.852966	94.204
526.641724	94.216
530.458008	94.229
534.301941	94.242
538.173706	94.256
542.073547	94.273
546.001648	94.290
549.958191	94.306
553.943420	94.322
557.957520	94.340
562.000671	94.356
566.073181	94.371
570.175171	94.383
574.306885	94.395
578.468567	94.407
582.660400	94.422
586.882568	94.437
591.135376	94.451
595.419006	94.464
599.733643	94.475
604.079590	94.484
608.456970	94.495
612.866089	94.507
617.307190	94.522
621.780457	94.540
626.286133	94.564
630.824463	94.591
635.395691	94.622
640.000000	94.657
644.637695	94.693
649.309021	94.729
654.014160	94.762
658.753418	94.792
663.527039	94.821
668.335205	94.846
673.178284	94.869
678.056396	94.892
682.969849	94.916
687.918945	94.943
692.903870	94.975
697.924927	95.013
702.982422	95.053
708.076477	95.093
713.207520	95.129
718.375732	95.159
723.581360	95.185
728.824707	95.207
734.106079	95.225
739.425720	95.239
744.783936	95.247
750.180908	95.254
755.617065	95.263
761.092529	95.277
766.607727	95.296
772.162903	95.316
777.758301	95.340
783.394287	95.369
789.071045	95.403
794.789001	95.437
800.548340	95.471
806.349487	95.507
812.192627	95.542
818.078125	95.571
824.006226	95.597
829.977295	95.626
835.991699	95.660
842.049622	95.695
848.151428	95.721
854.297485	95.732
860.488098	95.725
866.723572	95.707
873.004211	95.689
879.330322	95.677
885.702332	95.669
892.120483	95.664
898.585144	95.659
905.096680	95.654
911.655396	95.652
918.261597	95.658
924.915710	95.677
931.618042	95.708
938.368896	95.748
945.168762	95.801
952.017822	95.864
958.916504	95.926
965.865234	95.981
972.864319	96.036
979.914062	96.096
987.014954	96.155
994.167236	96.210
1001.371399	96.251
1008.627747	96.278
1015.936646	96.296
1023.298584	96.315
1030.713867	96.341
1038.182739	96.370
1045.705933	96.389
1053.283447	96.404
1060.916016	96.433
1068.603882	96.476
1076.347412	96.514
1084.147095	96.548
1092.003296	96.591
1099.916382	96.637
1107.886841	96.685
1115.915039	96.739
1124.001343	96.793
1132.146362	96.855
1140.350342	96.925
1148.613770	96.978
1156.937134	97.009
1165.320801	97.030
1173.765137	97.045
1182.270752	97.064
1190.838013	97.084
1199.467285	97.095
1208.159180	97.106
1216.913940	97.123
1225.732178	97.140
1234.614380	97.169
1243.560913	97.207
1252.572266	97.238
1261.648926	97.251
1270.791382	97.252
1280.000000	97.247
1289.275391	97.263
1298.618042	97.313
1308.028320	97.373
1317.506836	97.431
1327.054077	97.492
1336.670410	97.537
1346.356567	97.553
1356.112793	97.570
1365.939697	97.593
1375.837891	97.609
1385.807739	97.633
1395.849854	97.664
1405.964844	97.704
1416.152954	97.760
1426.415039	97.812
1436.751465	97.847
1447.162720	97.888
1457.649414	97.949
1468.212158	98.016
1478.851440	98.070
1489.567871	98.139
1500.361816	98.210
1511.234131	98.239
1522.185059	98.247
1533.215454	98.288
1544.325806	98.344
1555.516602	98.370
1566.788574	98.389
1578.142090	98.447
1589.578003	98.516
1601.096680	98.580
1612.698975	98.670
1624.385254	98.744
1636.156250	98.760
1648.012451	98.755
1659.954590	98.759
1671.983398	98.781
1684.099243	98.837
1696.302856	98.887
1708.594971	98.922
1720.976196	98.955
1733.447144	98.993
1746.008423	99.055
1758.660645	99.136
1771.404663	99.177
1784.240967	99.176
1797.170288	99.174
1810.193359	99.186
1823.310791	99.234
1836.523193	99.301
1849.831421	99.360
1863.236084	99.438
1876.737793	99.537
1890.337524	99.615
1904.035645	99.674
1917.833008	99.720
1931.730469	99.728
1945.728638	99.715
1959.828125	99.742
1974.029907	99.821
1988.334473	99.909
2002.742798	100.004
2017.255493	100.108
2031.873291	100.206
2046.597168	100.274
2061.427734	100.303
2076.365479	100.336
2091.411865	100.384
2106.566895	100.452
2121.832031	100.548
2137.207764	100.646
2152.694824	100.727
2168.294189	100.766
2184.006592	100.785
2199.832764	100.826
2215.773682	100.866
2231.830078	100.916
2248.002686	101.017
2264.292725	101.147
2280.700684	101.286
2297.227539	101.443
2313.874268	101.596
2330.641602	101.722
2347.530273	101.806
2364.541504	101.879
2381.676025	101.985
2398.934570	102.154
2416.318359	102.349
2433.827881	102.514
2451.464355	102.653
2469.228760	102.768
2487.121826	102.862
2505.144531	102.974
2523.297852	103.116
2541.582764	103.287
2560.000000	103.479
2578.550781	103.661
2597.236084	103.798
2616.056641	103.908
2635.013672	104.014
2654.108154	104.153
2673.340820	104.323
2692.713135	104.498
2712.225586	104.658
2731.879395	104.805
2751.675781	104.964
2771.615479	105.128
2791.699707	105.293
2811.929688	105.439
2832.305908	105.577
2852.830078	105.718
2873.502930	105.854
2894.325439	105.985
2915.298828	106.093
2936.424316	106.198
2957.702881	106.311
2979.135742	106.432
3000.723633	106.539
3022.468262	106.633
3044.370117	106.724
3066.430908	106.809
3088.651611	106.899
3111.033203	106.998
3133.577148	107.075
3156.284180	107.125
3179.156006	107.167
3202.193359	107.205
3225.397949	107.236
3248.770508	107.273
3272.312500	107.318
3296.024902	107.362
3319.909180	107.392
3343.966797	107.408
3368.198486	107.425
3392.605713	107.441
3417.189941	107.457
3441.952393	107.462
3466.894287	107.432
3492.016846	107.374
3517.321289	107.308
3542.809326	107.240
3568.481934	107.175
3594.340576	107.102
3620.386719	107.017
3646.621582	106.907
3673.046387	106.771
3699.662842	106.627
3726.472168	106.494
3753.475586	106.359
3780.675049	106.212
3808.071289	106.040
3835.666016	105.846
3863.460938	105.650
3891.457275	105.463
3919.656250	105.273
3948.059814	105.064
3976.668945	104.836
4005.485596	104.605
4034.510986	104.362
4063.746582	104.097
4093.194336	103.828
4122.855469	103.573
4152.730957	103.329
4182.823730	103.076
4213.133789	102.809
4243.664062	102.560
4274.415527	102.350
4305.389648	102.175
4336.588379	102.040
4368.013184	101.939
4399.665527	101.873
4431.547363	101.878
4463.660156	101.966
4496.005371	102.092
4528.585449	102.231
4561.401367	102.389
4594.455078	102.565
4627.748535	102.746
4661.283203	102.926
4695.060547	103.097
4729.083008	103.246
4763.352051	103.366
4797.869141	103.467
4832.636719	103.549
4867.655762	103.607
4902.928711	103.639
4938.457520	103.650
4974.243652	103.660
5010.289062	103.685
5046.595703	103.724
5083.165527	103.774
5120.000000	103.826
5157.101562	103.877
5194.472168	103.928
5232.113281	103.984
5270.027344	104.039
5308.216309	104.092
5346.681641	104.148
5385.426270	104.205
5424.451172	104.257
5463.758789	104.293
5503.351562	104.299
5543.230957	104.268
5583.399414	104.193
5623.859375	104.064
5664.611816	103.881
5705.660156	103.642
5747.005859	103.353
5788.650879	103.027
5830.597656	102.687
5872.848633	102.346
5915.405762	102.013
5958.271484	101.683
6001.447266	101.341
6044.936523	100.971
6088.740234	100.569
6132.861816	100.143
6177.303223	99.699
6222.066406	99.245
6267.154297	98.799
6312.568359	98.362
6358.312012	97.939
6404.386719	97.541
6450.795898	97.174
6497.541016	96.837
6544.625000	96.527
6592.049805	96.243
6639.818359	95.977
6687.933594	95.726
6736.396973	95.493
6785.211426	95.271
6834.379883	95.058
6883.904785	94.862
6933.788574	94.686
6984.033691	94.532
7034.642578	94.403
7085.618652	94.298
7136.963867	94.221
7188.681152	94.169
7240.773438	94.132
7293.243164	94.103
7346.092773	94.079
7399.325684	94.057
7452.944336	94.038
7506.951172	94.022
7561.350098	94.008
7616.142578	93.999
7671.332031	93.998
7726.921875	94.008
7782.914551	94.025
7839.312500	94.047
7896.119629	94.072
7953.337891	94.105
8010.971191	94.151
8069.021973	94.218
8127.493164	94.313
8186.388672	94.442
8245.710938	94.612
8305.461914	94.819
8365.647461	95.049
8426.267578	95.259
8487.328125	95.371
8548.831055	95.284
8610.779297	94.925
8673.176758	94.266
8736.026367	93.318
8799.331055	92.092
8863.094727	90.581
8927.320312	88.773
8992.010742	86.723
9057.170898	84.579
9122.802734	82.557
9188.910156	80.867
9255.497070	79.643
9322.566406	78.931
9390.121094	78.683
9458.166016	78.802
9526.704102	79.202
9595.738281	79.813
9665.273438	80.565
9735.311523	81.409
9805.857422	82.323
9876.915039	83.301
9948.487305	84.349
10020.578125	85.464
10093.191406	86.634
10166.331055	87.838
10240.000000	89.044
10314.203125	90.204
10388.944336	91.254
10464.226562	92.110
10540.054688	92.683
10616.432617	92.914
10693.363281	92.798
10770.852539	92.368
10848.902344	91.693
10927.517578	90.865
11006.703125	89.980
11086.461914	89.116
11166.798828	88.324
11247.718750	87.626
11329.223633	87.021
11411.320312	86.490
11494.011719	86.003
11577.301758	85.537
11661.195312	85.107
11745.697266	84.784
11830.811523	84.693
11916.542969	84.971
12002.894531	85.693
12089.873047	86.809
12177.480469	88.191
12265.723633	89.701
12354.606445	91.227
12444.132812	92.690
12534.308594	94.044
12625.136719	95.242
12716.624023	96.224
12808.773438	96.915
12901.591797	97.221
12995.082031	97.065
13089.250000	96.425
13184.099609	95.355
13279.636719	93.957
13375.867188	92.365
13472.793945	90.712
13570.422852	89.118
13668.759766	87.683
13767.809570	86.493
13867.577148	85.614
13968.067383	85.083
14069.285156	84.925
14171.237305	85.129
14273.927734	85.625
14377.362305	86.284
14481.546875	86.929
14586.486328	87.348
14692.185547	87.391
14798.651367	87.070
14905.888672	86.632
15013.902344	86.439
15122.700195	86.658
15232.285156	87.144
15342.664062	87.666
15453.843750	88.079
15565.829102	88.340
15678.625000	88.473
15792.239258	88.552
15906.675781	88.685
16021.942383	89.015
16138.043945	89.674
16254.986328	90.699
16372.777344	91.993
16491.421875	93.342
16610.923828	94.508
16731.294922	95.281
16852.535156	95.515
16974.656250	95.204
17097.662109	94.521
17221.558594	93.709
17346.353516	92.921
17472.052734	92.171
17598.662109	91.397
17726.189453	90.533
17854.640625	89.540
17984.021484	88.392
18114.341797	87.069
18245.605469	85.570
18377.820312	84.002
18510.994141	82.743
18645.132812	82.394
18780.242188	83.149
18916.332031	84.562
19053.408203	86.189
19191.476562	87.826
19330.546875	89.367
19470.623047	90.678
19611.714844	91.594
19753.830078	92.015
19896.974609	92.035
