20.290907	86.794
20.437943	86.854
20.586044	86.915
20.735220	86.980
20.885475	87.046
21.036821	87.110
21.189262	87.175
21.342808	87.240
21.497467	87.305
21.653246	87.371
21.810154	87.436
21.968201	87.502
22.127390	87.567
22.287735	87.632
22.449242	87.697
22.611917	87.762
22.775772	87.826
22.940815	87.890
23.107054	87.954
23.274498	88.018
23.443153	88.082
23.613033	88.146
23.784142	88.210
23.956491	88.274
24.130091	88.337
24.304947	88.400
24.481071	88.461
24.658470	88.522
24.837156	88.582
25.017136	88.641
25.198421	88.699
25.381020	88.757
25.564941	88.815
25.750195	88.874
25.936790	88.933
26.124741	88.993
26.314051	89.053
26.504732	89.114
26.696796	89.175
26.890253	89.237
27.085112	89.298
27.281382	89.358
27.479073	89.418
27.678198	89.477
27.878765	89.536
28.080786	89.594
28.284271	89.651
28.489231	89.708
28.695675	89.765
28.903616	89.821
29.113064	89.878
29.324028	89.934
29.536524	89.990
29.750557	90.046
29.966141	90.101
30.183289	90.156
30.402010	90.211
30.622314	90.266
30.844217	90.321
31.067726	90.375
31.292856	90.430
31.519617	90.485
31.748020	90.540
31.978081	90.595
32.209808	90.650
32.443211	90.705
32.678310	90.759
32.915108	90.813
33.153625	90.866
33.393871	90.919
33.635857	90.971
33.879597	91.023
34.125103	91.074
34.372387	91.123
34.621464	91.171
34.872345	91.219
35.125042	91.266
35.379574	91.313
35.635948	91.360
35.894180	91.409
36.154285	91.460
36.416275	91.512
36.680161	91.565
36.945961	91.619
37.213688	91.673
37.483353	91.727
37.754974	91.780
38.028561	91.831
38.304131	91.881
38.581699	91.930
38.861279	91.978
39.142883	92.026
39.426529	92.074
39.712231	92.122
40.000000	92.170
40.289856	92.218
40.581814	92.266
40.875885	92.312
41.172089	92.357
41.470440	92.401
41.770950	92.444
42.073643	92.487
42.378525	92.531
42.685616	92.575
42.994934	92.618
43.306492	92.660
43.620308	92.698
43.936401	92.732
44.254780	92.762
44.575470	92.788
44.898483	92.813
45.223835	92.841
45.551544	92.873
45.881630	92.911
46.214108	92.956
46.548996	93.006
46.886307	93.059
47.226067	93.113
47.568283	93.166
47.912983	93.218
48.260181	93.267
48.609894	93.314
48.962143	93.358
49.316940	93.402
49.674313	93.444
50.034271	93.484
50.396843	93.521
50.762039	93.557
51.129883	93.592
51.500389	93.625
51.873581	93.658
52.249481	93.690
52.628101	93.723
53.009464	93.755
53.393593	93.788
53.780506	93.820
54.170223	93.851
54.562763	93.882
54.958145	93.912
55.356396	93.943
55.757530	93.973
56.161572	94.003
56.568542	94.032
56.978462	94.059
57.391350	94.086
57.807232	94.112
58.226128	94.138
58.648056	94.162
59.073048	94.184
59.501114	94.205
59.932281	94.225
60.366577	94.244
60.804020	94.263
61.244629	94.280
61.688435	94.297
62.135452	94.311
62.585712	94.324
63.039234	94.336
63.496040	94.349
63.956161	94.363
64.419617	94.379
64.886421	94.400
65.356621	94.423
65.830215	94.449
66.307251	94.477
66.787743	94.507
67.271713	94.540
67.759193	94.573
68.250206	94.605
68.744774	94.633
69.242928	94.661
69.744690	94.690
70.250084	94.719
70.759148	94.748
71.271896	94.776
71.788361	94.802
72.308571	94.826
72.832550	94.848
73.360321	94.868
73.891922	94.885
74.427376	94.898
74.966705	94.907
75.509949	94.914
76.057121	94.916
76.608261	94.914
77.163399	94.907
77.722557	94.896
78.285767	94.879
78.853058	94.858
79.424461	94.833
80.000000	94.803
80.579712	94.772
81.163628	94.740
81.751770	94.710
82.344177	94.685
82.940880	94.666
83.541901	94.656
84.147285	94.656
84.757050	94.663
85.371231	94.677
85.989868	94.693
86.612984	94.710
87.240616	94.725
87.872803	94.734
88.509560	94.734
89.150940	94.724
89.796967	94.702
90.447670	94.673
91.103088	94.639
91.763260	94.608
92.428215	94.584
93.097992	94.572
93.772614	94.575
94.452133	94.594
95.136566	94.627
95.825966	94.670
96.520363	94.718
97.219788	94.767
97.924286	94.814
98.633881	94.856
99.348625	94.891
100.068542	94.918
100.793686	94.936
101.524078	94.945
102.259766	94.947
103.000778	94.942
103.747162	94.933
104.498962	94.923
105.256203	94.916
106.018929	94.915
106.787186	94.921
107.561012	94.933
108.340446	94.949
109.125526	94.967
109.916290	94.985
110.712791	95.000
111.515060	95.013
112.323143	95.024
113.137085	95.034
113.956924	95.044
114.782700	95.057
115.614464	95.073
116.452255	95.092
117.296112	95.115
118.146095	95.140
119.002228	95.166
119.864563	95.190
120.733154	95.212
121.608040	95.230
122.489258	95.246
123.376869	95.260
124.270905	95.273
125.171425	95.286
126.078468	95.300
126.992081	95.315
127.912323	95.329
128.839233	95.342
129.772842	95.355
130.713242	95.367
131.660431	95.378
132.614502	95.388
133.575485	95.397
134.543427	95.405
135.518387	95.412
136.500412	95.418
137.489548	95.423
138.485855	95.428
139.489380	95.432
140.500168	95.436
141.518295	95.439
142.543793	95.442
143.576721	95.445
144.617142	95.447
145.665100	95.448
146.720642	95.450
147.783844	95.451
148.854752	95.451
149.933411	95.452
151.019897	95.452
152.114243	95.452
153.216522	95.451
154.326797	95.451
155.445114	95.449
156.571533	95.448
157.706116	95.447
158.848923	95.445
160.000000	95.441
161.159424	95.435
162.327255	95.426
163.503540	95.417
164.688354	95.407
165.881760	95.398
167.083801	95.388
168.294571	95.377
169.514099	95.367
170.742462	95.357
171.979736	95.346
173.225967	95.335
174.481232	95.323
175.745605	95.312
177.019119	95.300
178.301880	95.288
179.593933	95.276
180.895340	95.264
182.206177	95.252
183.526520	95.239
184.856430	95.226
186.195984	95.212
187.545227	95.198
188.904266	95.183
190.273132	95.169
191.651932	95.155
193.040726	95.140
194.439575	95.125
195.848572	95.111
197.267761	95.097
198.697250	95.084
200.137085	95.073
201.587372	95.063
203.048157	95.053
204.519531	95.044
206.001556	95.035
207.494324	95.026
208.997925	95.016
210.512405	95.007
212.037857	94.996
213.574371	94.985
215.122025	94.973
216.680893	94.962
218.251053	94.950
219.832581	94.938
221.425583	94.925
223.030121	94.911
224.646286	94.897
226.274170	94.883
227.913849	94.869
229.565399	94.856
231.228928	94.842
232.904510	94.829
234.592224	94.817
236.292191	94.806
238.004456	94.795
239.729126	94.784
241.466309	94.772
243.216080	94.760
244.978516	94.746
246.753738	94.731
248.541809	94.716
250.342850	94.698
252.156937	94.680
253.984161	94.660
255.824646	94.641
257.678467	94.622
259.545685	94.602
261.426483	94.583
263.320862	94.564
265.229004	94.544
267.150970	94.524
269.086853	94.504
271.036774	94.484
273.000824	94.464
274.979095	94.443
276.971710	94.421
278.978760	94.400
281.000336	94.378
283.036591	94.355
285.087585	94.332
287.153442	94.309
289.234283	94.287
291.330200	94.266
293.441284	94.246
295.567688	94.229
297.709503	94.214
299.866821	94.200
302.039795	94.187
304.228485	94.175
306.433044	94.162
308.653595	94.151
310.890228	94.140
313.143066	94.130
315.412231	94.123
317.697845	94.119
320.000000	94.116
322.318848	94.114
324.654510	94.113
327.007080	94.111
329.376709	94.109
331.763519	94.107
334.167603	94.104
336.589142	94.101
339.028198	94.099
341.484924	94.096
343.959473	94.093
346.451935	94.091
348.962463	94.090
351.491211	94.089
354.038239	94.089
356.603760	94.088
359.187866	94.089
361.790680	94.090
364.412354	94.091
367.053040	94.094
369.712860	94.096
372.391968	94.100
375.090454	94.103
377.808533	94.107
380.546265	94.111
383.303864	94.114
386.081451	94.118
388.879150	94.121
391.697144	94.126
394.535522	94.130
397.394501	94.135
400.274170	94.140
403.174744	94.145
406.096313	94.150
409.039062	94.154
412.003113	94.158
414.988647	94.162
417.995850	94.167
421.024811	94.173
424.075714	94.178
427.148743	94.183
430.244049	94.187
433.361786	94.191
436.502106	94.194
439.665161	94.194
442.851166	94.193
446.060242	94.193
449.292572	94.194
452.548340	94.194
455.827698	94.195
459.130798	94.195
462.457855	94.197
465.809021	94.199
469.184448	94.201
472.584381	94.202
476.008911	94.205
479.458252	94.211
482.932617	94.217
486.432159	94.223
489.957031	94.229
493.507477	94.234
497.083618	94.240
500.685699	94.246
504.313873	94.253
507.968323	94.261
511.649292	94.269
515.356934	94.279
519.091370	94.289
522.852966	94.301
526.641724	94.314
530.458008	94.327
534.301941	94.341
538.173706	94.356
542.073547	94.373
546.001648	94.390
549.958191	94.406
553.943420	94.423
557.957520	94.441
562.000671	94.459
566.073181	94.475
570.175171	94.489
574.306885	94.501
578.468567	94.515
582.660400	94.529
586.882568	94.543
591.135376	94.555
595.419006	94.565
599.733643	94.573
604.079590	94.582
608.456970	94.594
612.866089	94.610
617.307190	94.629
621.780457	94.652
626.286133	94.678
630.824463	94.709
635.395691	94.742
640.000000	94.779
644.637695	94.816
649.309021	94.852
654.014160	94.884
658.753418	94.913
663.527039	94.940
668.335205	94.962
673.178284	94.981
678.056396	94.999
682.969849	95.020
687.918945	95.044
692.903870	95.072
697.924927	95.106
702.982422	95.140
708.076477	95.172
713.207520	95.199
718.375732	95.220
723.581360	95.234
728.824707	95.245
734.106079	95.253
739.425720	95.256
744.783936	95.258
750.180908	95.262
755.617065	95.273
761.092529	95.294
766.607727	95.322
772.162903	95.355
777.758301	95.394
783.394287	95.438
789.071045	95.485
794.789001	95.531
800.548340	95.575
806.349487	95.619
812.192627	95.662
818.078125	95.699
824.006226	95.735
829.977295	95.774
835.991699	95.816
842.049622	95.858
848.151428	95.892
854.297485	95.911
860.488098	95.913
866.723572	95.903
873.004211	95.890
879.330322	95.880
885.702332	95.871
892.120483	95.862
898.585144	95.851
905.096680	95.838
911.655396	95.828
918.261597	95.828
924.915710	95.843
931.618042	95.870
938.368896	95.908
945.168762	95.960
952.017822	96.022
958.916504	96.086
965.865234	96.146
972.864319	96.205
979.914062	96.267
987.014954	96.329
994.167236	96.384
1001.371399	96.428
1008.627747	96.455
1015.936646	96.470
1023.298584	96.483
1030.713867	96.502
1038.182739	96.523
1045.705933	96.537
1053.283447	96.546
1060.916016	96.570
1068.603882	96.608
1076.347412	96.640
1084.147095	96.671
1092.003296	96.710
1099.916382	96.750
1107.886841	96.790
1115.915039	96.840
1124.001343	96.893
1132.146362	96.951
1140.350342	97.015
1148.613770	97.063
1156.937134	97.091
1165.320801	97.110
1173.765137	97.126
1182.270752	97.147
1190.838013	97.172
1199.467285	97.187
1208.159180	97.202
1216.913940	97.224
1225.732178	97.247
1234.614380	97.279
1243.560913	97.319
1252.572266	97.355
1261.648926	97.374
1270.791382	97.377
1280.000000	97.374
1289.275391	97.392
1298.618042	97.444
1308.028320	97.504
1317.506836	97.562
1327.054077	97.624
1336.670410	97.672
1346.356567	97.694
1356.112793	97.715
1365.939697	97.738
1375.837891	97.750
1385.807739	97.772
1395.849854	97.804
1405.964844	97.841
1416.152954	97.891
1426.415039	97.944
1436.751465	97.988
1447.162720	98.030
1457.649414	98.085
1468.212158	98.149
1478.851440	98.209
1489.567871	98.287
1500.361816	98.369
1511.234131	98.413
1522.185059	98.435
1533.215454	98.487
1544.325806	98.549
1555.516602	98.582
1566.788574	98.604
1578.142090	98.659
1589.578003	98.728
1601.096680	98.794
1612.698975	98.888
1624.385254	98.969
1636.156250	98.995
1648.012451	98.999
1659.954590	98.999
1671.983398	99.012
1684.099243	99.070
1696.302856	99.125
1708.594971	99.160
1720.976196	99.197
1733.447144	99.250
1746.008423	99.327
1758.660645	99.413
1771.404663	99.452
1784.240967	99.448
1797.170288	99.443
1810.193359	99.452
1823.310791	99.499
1836.523193	99.568
1849.831421	99.642
1863.236084	99.733
1876.737793	99.834
1890.337524	99.916
1904.035645	99.986
1917.833008	100.046
1931.730469	100.069
1945.728638	100.063
1959.828125	100.088
1974.029907	100.161
1988.334473	100.245
2002.742798	100.339
2017.255493	100.450
2031.873291	100.556
2046.597168	100.626
2061.427734	100.641
2076.365479	100.652
2091.411865	100.681
2106.566895	100.742
2121.832031	100.842
2137.207764	100.948
2152.694824	101.035
2168.294189	101.080
2184.006592	101.105
2199.832764	101.153
2215.773682	101.197
2231.830078	101.241
2248.002686	101.335
2264.292725	101.463
2280.700684	101.607
2297.227539	101.779
2313.874268	101.948
2330.641602	102.071
2347.530273	102.132
2364.541504	102.182
2381.676025	102.281
2398.934570	102.445
2416.318359	102.634
2433.827881	102.789
2451.464355	102.904
2469.228760	102.992
2487.121826	103.061
2505.144531	103.157
2523.297852	103.288
2541.582764	103.448
2560.000000	103.631
2578.550781	103.808
2597.236084	103.946
2616.056641	104.057
2635.013672	104.162
2654.108154	104.297
2673.340820	104.472
2692.713135	104.657
2712.225586	104.821
2731.879395	104.967
2751.675781	105.126
2771.615479	105.287
2791.699707	105.443
2811.929688	105.575
2832.305908	105.698
2852.830078	105.829
2873.502930	105.961
2894.325439	106.088
2915.298828	106.192
2936.424316	106.293
2957.702881	106.411
2979.135742	106.549
3000.723633	106.676
3022.468262	106.784
3044.370117	106.881
3066.430908	106.972
3088.651611	107.071
3111.033203	107.176
3133.577148	107.245
3156.284180	107.275
3179.156006	107.296
3202.193359	107.316
3225.397949	107.339
3248.770508	107.368
3272.312500	107.402
3296.024902	107.439
3319.909180	107.468
3343.966797	107.486
3368.198486	107.494
3392.605713	107.493
3417.189941	107.491
3441.952393	107.483
3466.894287	107.442
3492.016846	107.367
3517.321289	107.280
3542.809326	107.202
3568.481934	107.140
3594.340576	107.073
3620.386719	106.987
3646.621582	106.870
3673.046387	106.717
3699.662842	106.555
3726.472168	106.407
3753.475586	106.258
3780.675049	106.089
3808.071289	105.889
3835.666016	105.668
3863.460938	105.451
3891.457275	105.257
3919.656250	105.070
3948.059814	104.867
3976.668945	104.646
4005.485596	104.421
4034.510986	104.176
4063.746582	103.895
4093.194336	103.599
4122.855469	103.311
4152.730957	103.039
4182.823730	102.765
4213.133789	102.480
4243.664062	102.209
4274.415527	101.978
4305.389648	101.795
4336.588379	101.653
4368.013184	101.527
4399.665527	101.428
4431.547363	101.411
4463.660156	101.486
4496.005371	101.592
4528.585449	101.695
4561.401367	101.804
4594.455078	101.927
4627.748535	102.068
4661.283203	102.231
4695.060547	102.405
4729.083008	102.563
4763.352051	102.698
4797.869141	102.824
4832.636719	102.937
4867.655762	103.015
4902.928711	103.052
4938.457520	103.061
4974.243652	103.075
5010.289062	103.124
5046.595703	103.208
5083.165527	103.316
5120.000000	103.441
5157.101562	103.577
5194.472168	103.719
5232.113281	103.862
5270.027344	103.999
5308.216309	104.132
5346.681641	104.277
5385.426270	104.434
5424.451172	104.593
5463.758789	104.741
5503.351562	104.864
5543.230957	104.948
5583.399414	104.982
5623.859375	104.958
5664.611816	104.873
5705.660156	104.717
5747.005859	104.480
5788.650879	104.165
5830.597656	103.785
5872.848633	103.360
5915.405762	102.911
5958.271484	102.435
6001.447266	101.920
6044.936523	101.362
6088.740234	100.767
6132.861816	100.154
6177.303223	99.548
6222.066406	98.972
6267.154297	98.442
6312.568359	97.953
6358.312012	97.502
6404.386719	97.095
6450.795898	96.732
6497.541016	96.405
6544.625000	96.115
6592.049805	95.859
6639.818359	95.621
6687.933594	95.398
6736.396973	95.189
6785.211426	94.980
6834.379883	94.777
6883.904785	94.594
6933.788574	94.435
6984.033691	94.296
7034.642578	94.179
7085.618652	94.084
7136.963867	94.018
7188.681152	93.977
7240.773438	93.947
7293.243164	93.920
7346.092773	93.894
7399.325684	93.874
7452.944336	93.861
7506.951172	93.851
7561.350098	93.844
7616.142578	93.846
7671.332031	93.862
7726.921875	93.892
7782.914551	93.935
7839.312500	93.990
7896.119629	94.058
7953.337891	94.142
8010.971191	94.244
8069.021973	94.364
8127.493164	94.501
8186.388672	94.658
8245.710938	94.838
8305.461914	95.041
8365.647461	95.263
8426.267578	95.488
8487.328125	95.677
8548.831055	95.753
8610.779297	95.603
8673.176758	95.091
8736.026367	94.104
8799.331055	92.597
8863.094727	90.623
8927.320312	88.316
8992.010742	85.868
9057.170898	83.513
9122.802734	81.555
9188.910156	80.281
9255.497070	79.742
9322.566406	79.727
9390.121094	79.994
9458.166016	80.424
9526.704102	80.973
9595.738281	81.611
9665.273438	82.318
9735.311523	83.086
9805.857422	83.918
9876.915039	84.822
9948.487305	85.807
10020.578125	86.877
10093.191406	88.024
10166.331055	89.231
10240.000000	90.457
10314.203125	91.621
10388.944336	92.614
10464.226562	93.332
10540.054688	93.700
10616.432617	93.714
10693.363281	93.433
10770.852539	92.945
10848.902344	92.350
10927.517578	91.730
11006.703125	91.137
11086.461914	90.597
11166.798828	90.121
11247.718750	89.706
11329.223633	89.330
11411.320312	88.948
11494.011719	88.492
11577.301758	87.877
11661.195312	87.030
11745.697266	85.908
11830.811523	84.516
11916.542969	83.032
12002.894531	82.151
12089.873047	82.907
12177.480469	85.107
12265.723633	87.704
12354.606445	90.142
12444.132812	92.285
12534.308594	94.123
12625.136719	95.658
12716.624023	96.883
12808.773438	97.778
12901.591797	98.311
12995.082031	98.450
13089.250000	98.186
13184.099609	97.558
13279.636719	96.643
13375.867188	95.542
13472.793945	94.355
13570.422852	93.151
13668.759766	91.976
13767.809570	90.855
13867.577148	89.793
13968.067383	88.816
14069.285156	88.018
14171.237305	87.509
14273.927734	87.345
14377.362305	87.490
14481.546875	87.781
14586.486328	87.992
14692.185547	87.968
14798.651367	87.663
14905.888672	87.119
15013.902344	86.446
15122.700195	85.814
15232.285156	85.387
15342.664062	85.250
15453.843750	85.394
15565.829102	85.769
15678.625000	86.310
15792.239258	86.957
15906.675781	87.663
16021.942383	88.434
16138.043945	89.333
16254.986328	90.460
16372.777344	91.919
16491.421875	93.686
16610.923828	95.517
16731.294922	97.006
16852.535156	97.789
16974.656250	97.756
17097.662109	97.077
17221.558594	96.072
17346.353516	94.988
17472.052734	93.893
17598.662109	92.730
17726.189453	91.439
17854.640625	90.008
17984.021484	88.453
18114.341797	86.768
18245.605469	84.918
18377.820312	82.952
18510.994141	81.273
18645.132812	80.787
18780.242188	81.854
18916.332031	83.675
19053.408203	85.581
19191.476562	87.379
19330.546875	89.023
19470.623047	90.418
19611.714844	91.425
19753.830078	91.969
19896.974609	92.128
