20.290907	87.867
20.437943	87.922
20.586044	87.977
20.735220	88.037
20.885475	88.097
21.036821	88.157
21.189262	88.217
21.342808	88.278
21.497467	88.340
21.653246	88.402
21.810154	88.464
21.968201	88.526
22.127390	88.587
22.287735	88.648
22.449242	88.708
22.611917	88.768
22.775772	88.826
22.940815	88.884
23.107054	88.942
23.274498	88.999
23.443153	89.056
23.613033	89.113
23.784142	89.170
23.956491	89.227
24.130091	89.283
24.304947	89.339
24.481071	89.395
24.658470	89.451
24.837156	89.506
25.017136	89.560
25.198421	89.615
25.381020	89.669
25.564941	89.723
25.750195	89.777
25.936790	89.831
26.124741	89.885
26.314051	89.939
26.504732	89.992
26.696796	90.045
26.890253	90.097
27.085112	90.149
27.281382	90.200
27.479073	90.251
27.678198	90.301
27.878765	90.351
28.080786	90.401
28.284271	90.452
28.489231	90.502
28.695675	90.552
28.903616	90.601
29.113064	90.651
29.324028	90.700
29.536524	90.749
29.750557	90.797
29.966141	90.845
30.183289	90.893
30.402010	90.941
30.622314	90.988
30.844217	91.035
31.067726	91.082
31.292856	91.129
31.519617	91.176
31.748020	91.222
31.978081	91.269
32.209808	91.315
32.443211	91.361
32.678310	91.406
32.915108	91.452
33.153625	91.497
33.393871	91.542
33.635857	91.586
33.879597	91.629
34.125103	91.672
34.372387	91.713
34.621464	91.754
34.872345	91.795
35.125042	91.834
35.379574	91.873
35.635948	91.911
35.894180	91.949
36.154285	91.987
36.416275	92.025
36.680161	92.064
36.945961	92.104
37.213688	92.146
37.483353	92.188
37.754974	92.231
38.028561	92.275
38.304131	92.317
38.581699	92.360
38.861279	92.401
39.142883	92.442
39.426529	92.482
39.712231	92.521
40.000000	92.560
40.289856	92.599
40.581814	92.638
40.875885	92.676
41.172089	92.714
41.470440	92.750
41.770950	92.785
42.073643	92.819
42.378525	92.852
42.685616	92.883
42.994934	92.914
43.306492	92.944
43.620308	92.974
43.936401	93.003
44.254780	93.028
44.575470	93.049
44.898483	93.067
45.223835	93.083
45.551544	93.101
45.881630	93.123
46.214108	93.154
46.548996	93.192
46.886307	93.235
47.226067	93.280
47.568283	93.324
47.912983	93.365
48.260181	93.404
48.609894	93.441
48.962143	93.476
49.316940	93.510
49.674313	93.542
50.034271	93.572
50.396843	93.598
50.762039	93.622
51.129883	93.646
51.500389	93.669
51.873581	93.692
52.249481	93.714
52.628101	93.735
53.009464	93.758
53.393593	93.782
53.780506	93.806
54.170223	93.830
54.562763	93.853
54.958145	93.875
55.356396	93.896
55.757530	93.917
56.161572	93.939
56.568542	93.959
56.978462	93.978
57.391350	93.996
57.807232	94.014
58.226128	94.032
58.648056	94.049
59.073048	94.064
59.501114	94.079
59.932281	94.092
60.366577	94.105
60.804020	94.116
61.244629	94.127
61.688435	94.137
62.135452	94.146
62.585712	94.156
63.039234	94.168
63.496040	94.183
63.956161	94.198
64.419617	94.213
64.886421	94.226
65.356621	94.241
65.830215	94.258
66.307251	94.275
66.787743	94.292
67.271713	94.310
67.759193	94.329
68.250206	94.349
68.744774	94.369
69.242928	94.388
69.744690	94.408
70.250084	94.427
70.759148	94.446
71.271896	94.463
71.788361	94.479
72.308571	94.494
72.832550	94.507
73.360321	94.519
73.891922	94.530
74.427376	94.538
74.966705	94.544
75.509949	94.547
76.057121	94.547
76.608261	94.544
77.163399	94.537
77.722557	94.527
78.285767	94.514
78.853058	94.497
79.424461	94.476
80.000000	94.452
80.579712	94.424
81.163628	94.396
81.751770	94.368
82.344177	94.340
82.940880	94.313
83.541901	94.288
84.147285	94.262
84.757050	94.238
85.371231	94.215
85.989868	94.193
86.612984	94.173
87.240616	94.154
87.872803	94.136
88.509560	94.118
89.150940	94.097
89.796967	94.071
90.447670	94.039
91.103088	94.002
91.763260	93.966
92.428215	93.938
93.097992	93.923
93.772614	93.924
94.452133	93.938
95.136566	93.961
95.825966	93.988
96.520363	94.013
97.219788	94.033
97.924286	94.049
98.633881	94.064
99.348625	94.079
100.068542	94.098
100.793686	94.120
101.524078	94.145
102.259766	94.173
103.000778	94.204
103.747162	94.237
104.498962	94.272
105.256203	94.310
106.018929	94.350
106.787186	94.391
107.561012	94.431
108.340446	94.468
109.125526	94.501
109.916290	94.531
110.712791	94.557
111.515060	94.579
112.323143	94.598
113.137085	94.613
113.956924	94.624
114.782700	94.632
115.614464	94.638
116.452255	94.642
117.296112	94.644
118.146095	94.645
119.002228	94.646
119.864563	94.647
120.733154	94.650
121.608040	94.654
122.489258	94.659
123.376869	94.664
124.270905	94.670
125.171425	94.679
126.078468	94.690
126.992081	94.704
127.912323	94.719
128.839233	94.735
129.772842	94.751
130.713242	94.767
131.660431	94.783
132.614502	94.797
133.575485	94.810
134.543427	94.822
135.518387	94.832
136.500412	94.842
137.489548	94.851
138.485855	94.860
139.489380	94.868
140.500168	94.876
141.518295	94.883
142.543793	94.890
143.576721	94.896
144.617142	94.902
145.665100	94.908
146.720642	94.913
147.783844	94.917
148.854752	94.922
149.933411	94.926
151.019897	94.930
152.114243	94.934
153.216522	94.938
154.326797	94.941
155.445114	94.944
156.571533	94.948
157.706116	94.951
158.848923	94.953
160.000000	94.953
161.159424	94.950
162.327255	94.945
163.503540	94.939
164.688354	94.932
165.881760	94.926
167.083801	94.920
168.294571	94.914
169.514099	94.907
170.742462	94.900
171.979736	94.892
173.225967	94.884
174.481232	94.876
175.745605	94.868
177.019119	94.860
178.301880	94.852
179.593933	94.843
180.895340	94.835
182.206177	94.825
183.526520	94.815
184.856430	94.804
186.195984	94.793
187.545227	94.780
188.904266	94.766
190.273132	94.753
191.651932	94.740
193.040726	94.727
194.439575	94.716
195.848572	94.705
197.267761	94.696
198.697250	94.687
200.137085	94.680
201.587372	94.674
203.048157	94.669
204.519531	94.663
206.001556	94.657
207.494324	94.650
208.997925	94.642
210.512405	94.631
212.037857	94.620
213.574371	94.608
215.122025	94.593
216.680893	94.578
218.251053	94.560
219.832581	94.541
221.425583	94.522
223.030121	94.503
224.646286	94.484
226.274170	94.466
227.913849	94.450
229.565399	94.435
231.228928	94.423
232.904510	94.413
234.592224	94.407
236.292191	94.405
238.004456	94.404
239.729126	94.405
241.466309	94.407
243.216080	94.410
244.978516	94.412
246.753738	94.413
248.541809	94.413
250.342850	94.412
252.156937	94.408
253.984161	94.403
255.824646	94.397
257.678467	94.390
259.545685	94.383
261.426483	94.376
263.320862	94.368
265.229004	94.360
267.150970	94.352
269.086853	94.344
271.036774	94.334
273.000824	94.324
274.979095	94.312
276.971710	94.299
278.978760	94.286
281.000336	94.272
283.036591	94.258
285.087585	94.245
287.153442	94.233
289.234283	94.222
291.330200	94.212
293.441284	94.203
295.567688	94.194
297.709503	94.185
299.866821	94.176
302.039795	94.167
304.228485	94.157
306.433044	94.147
308.653595	94.138
310.890228	94.130
313.143066	94.123
315.412231	94.118
317.697845	94.116
320.000000	94.116
322.318848	94.116
324.654510	94.116
327.007080	94.115
329.376709	94.114
331.763519	94.112
334.167603	94.110
336.589142	94.108
339.028198	94.107
341.484924	94.106
343.959473	94.105
346.451935	94.105
348.962463	94.106
351.491211	94.106
354.038239	94.107
356.603760	94.108
359.187866	94.109
361.790680	94.110
364.412354	94.113
367.053040	94.116
369.712860	94.119
372.391968	94.122
375.090454	94.125
377.808533	94.127
380.546265	94.130
383.303864	94.132
386.081451	94.135
388.879150	94.138
391.697144	94.142
394.535522	94.147
397.394501	94.152
400.274170	94.157
403.174744	94.162
406.096313	94.167
409.039062	94.172
412.003113	94.176
414.988647	94.181
417.995850	94.187
421.024811	94.193
424.075714	94.198
427.148743	94.203
430.244049	94.209
433.361786	94.215
436.502106	94.221
439.665161	94.225
442.851166	94.228
446.060242	94.231
449.292572	94.236
452.548340	94.242
455.827698	94.249
459.130798	94.254
462.457855	94.258
465.809021	94.262
469.184448	94.265
472.584381	94.268
476.008911	94.271
479.458252	94.277
482.932617	94.286
486.432159	94.296
489.957031	94.306
493.507477	94.316
497.083618	94.326
500.685699	94.336
504.313873	94.345
507.968323	94.356
511.649292	94.366
515.356934	94.375
519.091370	94.386
522.852966	94.398
526.641724	94.411
530.458008	94.425
534.301941	94.437
538.173706	94.449
542.073547	94.461
546.001648	94.474
549.958191	94.486
553.943420	94.498
557.957520	94.511
562.000671	94.524
566.073181	94.537
570.175171	94.548
574.306885	94.560
578.468567	94.575
582.660400	94.592
586.882568	94.613
591.135376	94.637
595.419006	94.663
599.733643	94.688
604.079590	94.711
608.456970	94.734
612.866089	94.757
617.307190	94.779
621.780457	94.801
626.286133	94.826
630.824463	94.857
635.395691	94.890
640.000000	94.926
644.637695	94.964
649.309021	95.001
654.014160	95.035
658.753418	95.066
663.527039	95.096
668.335205	95.127
673.178284	95.159
678.056396	95.192
682.969849	95.226
687.918945	95.258
692.903870	95.292
697.924927	95.325
702.982422	95.354
708.076477	95.379
713.207520	95.403
718.375732	95.425
723.581360	95.450
728.824707	95.477
734.106079	95.506
739.425720	95.536
744.783936	95.568
750.180908	95.603
755.617065	95.643
761.092529	95.688
766.607727	95.736
772.162903	95.785
777.758301	95.830
783.394287	95.873
789.071045	95.918
794.789001	95.966
800.548340	96.014
806.349487	96.059
812.192627	96.096
818.078125	96.117
824.006226	96.121
829.977295	96.112
835.991699	96.097
842.049622	96.084
848.151428	96.072
854.297485	96.056
860.488098	96.035
866.723572	96.016
873.004211	96.008
879.330322	96.011
885.702332	96.023
892.120483	96.037
898.585144	96.050
905.096680	96.060
911.655396	96.065
918.261597	96.072
924.915710	96.082
931.618042	96.095
938.368896	96.114
945.168762	96.141
952.017822	96.177
958.916504	96.217
965.865234	96.258
972.864319	96.306
979.914062	96.364
987.014954	96.428
994.167236	96.496
1001.371399	96.559
1008.627747	96.612
1015.936646	96.656
1023.298584	96.699
1030.713867	96.744
1038.182739	96.791
1045.705933	96.830
1053.283447	96.862
1060.916016	96.892
1068.603882	96.930
1076.347412	96.969
1084.147095	97.009
1092.003296	97.060
1099.916382	97.108
1107.886841	97.143
1115.915039	97.169
1124.001343	97.197
1132.146362	97.237
1140.350342	97.278
1148.613770	97.303
1156.937134	97.322
1165.320801	97.345
1173.765137	97.369
1182.270752	97.395
1190.838013	97.421
1199.467285	97.447
1208.159180	97.469
1216.913940	97.477
1225.732178	97.483
1234.614380	97.512
1243.560913	97.567
1252.572266	97.623
1261.648926	97.665
1270.791382	97.705
1280.000000	97.747
1289.275391	97.776
1298.618042	97.804
1308.028320	97.846
1317.506836	97.893
1327.054077	97.921
1336.670410	97.933
1346.356567	97.953
1356.112793	97.997
1365.939697	98.051
1375.837891	98.104
1385.807739	98.157
1395.849854	98.210
1405.964844	98.255
1416.152954	98.297
1426.415039	98.351
1436.751465	98.406
1447.162720	98.449
1457.649414	98.491
1468.212158	98.538
1478.851440	98.581
1489.567871	98.624
1500.361816	98.659
1511.234131	98.682
1522.185059	98.714
1533.215454	98.772
1544.325806	98.840
1555.516602	98.909
1566.788574	98.978
1578.142090	99.030
1589.578003	99.062
1601.096680	99.095
1612.698975	99.136
1624.385254	99.150
1636.156250	99.136
1648.012451	99.143
1659.954590	99.180
1671.983398	99.235
1684.099243	99.298
1696.302856	99.356
1708.594971	99.414
1720.976196	99.467
1733.447144	99.516
1746.008423	99.566
1758.660645	99.605
1771.404663	99.627
1784.240967	99.661
1797.170288	99.728
1810.193359	99.817
1823.310791	99.895
1836.523193	99.950
1849.831421	99.985
1863.236084	100.010
1876.737793	100.022
1890.337524	100.027
1904.035645	100.041
1917.833008	100.072
1931.730469	100.136
1945.728638	100.212
1959.828125	100.296
1974.029907	100.392
1988.334473	100.480
2002.742798	100.550
2017.255493	100.619
2031.873291	100.668
2046.597168	100.675
2061.427734	100.682
2076.365479	100.729
2091.411865	100.830
2106.566895	100.967
2121.832031	101.082
2137.207764	101.142
2152.694824	101.157
2168.294189	101.163
2184.006592	101.200
2199.832764	101.280
2215.773682	101.389
2231.830078	101.501
2248.002686	101.595
2264.292725	101.656
2280.700684	101.696
2297.227539	101.745
2313.874268	101.796
2330.641602	101.864
2347.530273	101.991
2364.541504	102.159
2381.676025	102.325
2398.934570	102.476
2416.318359	102.618
2433.827881	102.747
2451.464355	102.896
2469.228760	103.069
2487.121826	103.249
2505.144531	103.435
2523.297852	103.643
2541.582764	103.848
2560.000000	104.024
2578.550781	104.167
2597.236084	104.281
2616.056641	104.411
2635.013672	104.585
2654.108154	104.777
2673.340820	104.963
2692.713135	105.129
2712.225586	105.288
2731.879395	105.433
2751.675781	105.555
2771.615479	105.660
2791.699707	105.766
2811.929688	105.892
2832.305908	106.051
2852.830078	106.217
2873.502930	106.356
2894.325439	106.478
2915.298828	106.601
2936.424316	106.728
2957.702881	106.861
2979.135742	107.001
3000.723633	107.132
3022.468262	107.237
3044.370117	107.314
3066.430908	107.388
3088.651611	107.453
3111.033203	107.505
3133.577148	107.545
3156.284180	107.600
3179.156006	107.662
3202.193359	107.697
3225.397949	107.704
3248.770508	107.729
3272.312500	107.785
3296.024902	107.846
3319.909180	107.894
3343.966797	107.919
3368.198486	107.907
3392.605713	107.881
3417.189941	107.870
3441.952393	107.878
3466.894287	107.892
3492.016846	107.898
3517.321289	107.875
3542.809326	107.822
3568.481934	107.764
3594.340576	107.718
3620.386719	107.664
3646.621582	107.573
3673.046387	107.439
3699.662842	107.279
3726.472168	107.110
3753.475586	106.949
3780.675049	106.807
3808.071289	106.663
3835.666016	106.487
3863.460938	106.285
3891.457275	106.100
3919.656250	105.950
3948.059814	105.798
3976.668945	105.610
4005.485596	105.383
4034.510986	105.139
4063.746582	104.874
4093.194336	104.585
4122.855469	104.303
4152.730957	104.052
4182.823730	103.829
4213.133789	103.623
4243.664062	103.434
4274.415527	103.270
4305.389648	103.128
4336.588379	103.016
4368.013184	102.951
4399.665527	102.948
4431.547363	103.013
4463.660156	103.147
4496.005371	103.326
4528.585449	103.524
4561.401367	103.719
4594.455078	103.896
4627.748535	104.059
4661.283203	104.207
4695.060547	104.333
4729.083008	104.436
4763.352051	104.527
4797.869141	104.600
4832.636719	104.628
4867.655762	104.616
4902.928711	104.604
4938.457520	104.616
4974.243652	104.633
5010.289062	104.654
5046.595703	104.689
5083.165527	104.734
5120.000000	104.779
5157.101562	104.820
5194.472168	104.859
5232.113281	104.888
5270.027344	104.898
5308.216309	104.895
5346.681641	104.894
5385.426270	104.879
5424.451172	104.830
5463.758789	104.740
5503.351562	104.614
5543.230957	104.454
5583.399414	104.265
5623.859375	104.068
5664.611816	103.887
5705.660156	103.720
5747.005859	103.561
5788.650879	103.412
5830.597656	103.271
5872.848633	103.123
5915.405762	102.949
5958.271484	102.740
6001.447266	102.488
6044.936523	102.182
6088.740234	101.833
6132.861816	101.462
6177.303223	101.065
6222.066406	100.641
6267.154297	100.212
6312.568359	99.801
6358.312012	99.417
6404.386719	99.074
6450.795898	98.772
6497.541016	98.498
6544.625000	98.242
6592.049805	98.003
6639.818359	97.786
6687.933594	97.600
6736.396973	97.444
6785.211426	97.297
6834.379883	97.147
6883.904785	96.987
6933.788574	96.820
6984.033691	96.655
7034.642578	96.504
7085.618652	96.373
7136.963867	96.267
7188.681152	96.183
7240.773438	96.110
7293.243164	96.043
7346.092773	95.990
7399.325684	95.957
7452.944336	95.947
7506.951172	95.960
7561.350098	95.993
7616.142578	96.046
7671.332031	96.121
7726.921875	96.216
7782.914551	96.327
7839.312500	96.458
7896.119629	96.608
7953.337891	96.771
8010.971191	96.940
8069.021973	97.106
8127.493164	97.269
8186.388672	97.430
8245.710938	97.590
8305.461914	97.745
8365.647461	97.887
8426.267578	97.990
8487.328125	97.996
8548.831055	97.816
8610.779297	97.339
8673.176758	96.474
8736.026367	95.179
8799.331055	93.467
8863.094727	91.401
8927.320312	89.068
8992.010742	86.561
9057.170898	83.978
9122.802734	81.405
9188.910156	78.972
9255.497070	77.051
9322.566406	76.177
9390.121094	76.452
9458.166016	77.381
9526.704102	78.496
9595.738281	79.613
9665.273438	80.691
9735.311523	81.757
9805.857422	82.841
9876.915039	83.945
9948.487305	85.079
10020.578125	86.251
10093.191406	87.469
10166.331055	88.723
10240.000000	89.981
10314.203125	91.194
10388.944336	92.296
10464.226562	93.207
10540.054688	93.846
10616.432617	94.142
10693.363281	94.080
10770.852539	93.712
10848.902344	93.133
10927.517578	92.440
11006.703125	91.709
11086.461914	90.984
11166.798828	90.304
11247.718750	89.690
11329.223633	89.156
11411.320312	88.728
11494.011719	88.429
11577.301758	88.260
11661.195312	88.196
11745.697266	88.191
11830.811523	88.187
11916.542969	88.131
12002.894531	87.997
12089.873047	87.829
12177.480469	87.794
12265.723633	88.161
12354.606445	89.098
12444.132812	90.479
12534.308594	92.020
12625.136719	93.479
12716.624023	94.674
12808.773438	95.473
12901.591797	95.776
12995.082031	95.529
13089.250000	94.735
13184.099609	93.461
13279.636719	91.809
13375.867188	89.887
13472.793945	87.806
13570.422852	85.714
13668.759766	83.853
13767.809570	82.576
13867.577148	82.150
13968.067383	82.460
14069.285156	83.133
14171.237305	83.912
14273.927734	84.760
14377.362305	85.707
14481.546875	86.716
14586.486328	87.654
14692.185547	88.333
14798.651367	88.588
14905.888672	88.391
15013.902344	87.899
15122.700195	87.392
15232.285156	87.085
15342.664062	87.028
15453.843750	87.174
15565.829102	87.418
15678.625000	87.676
15792.239258	87.920
15906.675781	88.156
16021.942383	88.456
16138.043945	88.971
16254.986328	89.843
16372.777344	91.023
16491.421875	92.227
16610.923828	93.123
16731.294922	93.523
16852.535156	93.451
16974.656250	93.064
17097.662109	92.512
17221.558594	91.860
17346.353516	91.099
17472.052734	90.210
17598.662109	89.190
17726.189453	88.064
17854.640625	86.889
17984.021484	85.750
18114.341797	84.733
18245.605469	83.910
18377.820312	83.359
18510.994141	83.177
18645.132812	83.483
18780.242188	84.391
18916.332031	85.861
19053.408203	87.675
19191.476562	89.561
19330.546875	91.271
19470.623047	92.574
19611.714844	93.294
19753.830078	93.419
19896.974609	93.172
