20.290907	86.809
20.437943	86.868
20.586044	86.928
20.735220	86.992
20.885475	87.055
21.036821	87.118
21.189262	87.181
21.342808	87.244
21.497467	87.308
21.653246	87.373
21.810154	87.438
21.968201	87.504
22.127390	87.571
22.287735	87.638
22.449242	87.705
22.611917	87.772
22.775772	87.838
22.940815	87.905
23.107054	87.970
23.274498	88.035
23.443153	88.099
23.613033	88.162
23.784142	88.225
23.956491	88.287
24.130091	88.348
24.304947	88.409
24.481071	88.470
24.658470	88.530
24.837156	88.590
25.017136	88.651
25.198421	88.711
25.381020	88.771
25.564941	88.831
25.750195	88.891
25.936790	88.951
26.124741	89.011
26.314051	89.071
26.504732	89.131
26.696796	89.191
26.890253	89.250
27.085112	89.310
27.281382	89.369
27.479073	89.427
27.678198	89.485
27.878765	89.543
28.080786	89.600
28.284271	89.656
28.489231	89.712
28.695675	89.768
28.903616	89.824
29.113064	89.881
29.324028	89.937
29.536524	89.994
29.750557	90.051
29.966141	90.107
30.183289	90.163
30.402010	90.218
30.622314	90.273
30.844217	90.327
31.067726	90.380
31.292856	90.433
31.519617	90.487
31.748020	90.542
31.978081	90.597
32.209808	90.653
32.443211	90.709
32.678310	90.765
32.915108	90.819
33.153625	90.873
33.393871	90.925
33.635857	90.976
33.879597	91.027
34.125103	91.077
34.372387	91.128
34.621464	91.178
34.872345	91.227
35.125042	91.276
35.379574	91.323
35.635948	91.367
35.894180	91.410
36.154285	91.453
36.416275	91.495
36.680161	91.539
36.945961	91.586
37.213688	91.636
37.483353	91.689
37.754974	91.744
38.028561	91.800
38.304131	91.855
38.581699	91.908
38.861279	91.959
39.142883	92.009
39.426529	92.057
39.712231	92.105
40.000000	92.153
40.289856	92.202
40.581814	92.250
40.875885	92.298
41.172089	92.345
41.470440	92.391
41.770950	92.436
42.073643	92.480
42.378525	92.523
42.685616	92.566
42.994934	92.608
43.306492	92.649
43.620308	92.687
43.936401	92.722
44.254780	92.752
44.575470	92.778
44.898483	92.800
45.223835	92.822
45.551544	92.847
45.881630	92.878
46.214108	92.917
46.548996	92.965
46.886307	93.019
47.226067	93.076
47.568283	93.134
47.912983	93.190
48.260181	93.243
48.609894	93.294
48.962143	93.342
49.316940	93.388
49.674313	93.432
50.034271	93.473
50.396843	93.511
50.762039	93.546
51.129883	93.580
51.500389	93.614
51.873581	93.647
52.249481	93.680
52.628101	93.713
53.009464	93.745
53.393593	93.777
53.780506	93.809
54.170223	93.841
54.562763	93.872
54.958145	93.903
55.356396	93.934
55.757530	93.965
56.161572	93.996
56.568542	94.027
56.978462	94.056
57.391350	94.083
57.807232	94.109
58.226128	94.135
58.648056	94.161
59.073048	94.186
59.501114	94.211
59.932281	94.235
60.366577	94.259
60.804020	94.281
61.244629	94.304
61.688435	94.325
62.135452	94.346
62.585712	94.365
63.039234	94.384
63.496040	94.403
63.956161	94.424
64.419617	94.445
64.886421	94.466
65.356621	94.487
65.830215	94.508
66.307251	94.528
66.787743	94.548
67.271713	94.568
67.759193	94.589
68.250206	94.611
68.744774	94.634
69.242928	94.657
69.744690	94.681
70.250084	94.705
70.759148	94.729
71.271896	94.753
71.788361	94.776
72.308571	94.801
72.832550	94.827
73.360321	94.853
73.891922	94.879
74.427376	94.903
74.966705	94.924
75.509949	94.942
76.057121	94.958
76.608261	94.971
77.163399	94.982
77.722557	94.989
78.285767	94.992
78.853058	94.991
79.424461	94.984
80.000000	94.969
80.579712	94.948
81.163628	94.921
81.751770	94.886
82.344177	94.845
82.940880	94.797
83.541901	94.743
84.147285	94.686
84.757050	94.626
85.371231	94.566
85.989868	94.509
86.612984	94.460
87.240616	94.423
87.872803	94.395
88.509560	94.376
89.150940	94.361
89.796967	94.346
90.447670	94.331
91.103088	94.317
91.763260	94.309
92.428215	94.311
93.097992	94.325
93.772614	94.352
94.452133	94.393
95.136566	94.444
95.825966	94.503
96.520363	94.566
97.219788	94.628
97.924286	94.688
98.633881	94.742
99.348625	94.791
100.068542	94.833
100.793686	94.868
101.524078	94.897
102.259766	94.918
103.000778	94.933
103.747162	94.943
104.498962	94.946
105.256203	94.946
106.018929	94.944
106.787186	94.940
107.561012	94.938
108.340446	94.938
109.125526	94.942
109.916290	94.949
110.712791	94.960
111.515060	94.973
112.323143	94.988
113.137085	95.002
113.956924	95.015
114.782700	95.028
115.614464	95.042
116.452255	95.057
117.296112	95.074
118.146095	95.093
119.002228	95.113
119.864563	95.134
120.733154	95.154
121.608040	95.173
122.489258	95.191
123.376869	95.206
124.270905	95.220
125.171425	95.235
126.078468	95.250
126.992081	95.265
127.912323	95.280
128.839233	95.292
129.772842	95.304
130.713242	95.315
131.660431	95.325
132.614502	95.335
133.575485	95.343
134.543427	95.350
135.518387	95.356
136.500412	95.361
137.489548	95.365
138.485855	95.370
139.489380	95.374
140.500168	95.378
141.518295	95.381
142.543793	95.384
143.576721	95.386
144.617142	95.387
145.665100	95.388
146.720642	95.389
147.783844	95.389
148.854752	95.390
149.933411	95.389
151.019897	95.389
152.114243	95.388
153.216522	95.387
154.326797	95.385
155.445114	95.383
156.571533	95.381
157.706116	95.379
158.848923	95.376
160.000000	95.371
161.159424	95.364
162.327255	95.355
163.503540	95.345
164.688354	95.334
165.881760	95.324
167.083801	95.313
168.294571	95.302
169.514099	95.291
170.742462	95.279
171.979736	95.267
173.225967	95.255
174.481232	95.243
175.745605	95.231
177.019119	95.218
178.301880	95.206
179.593933	95.193
180.895340	95.180
182.206177	95.167
183.526520	95.154
184.856430	95.141
186.195984	95.127
187.545227	95.113
188.904266	95.098
190.273132	95.083
191.651932	95.068
193.040726	95.053
194.439575	95.038
195.848572	95.023
197.267761	95.009
198.697250	94.995
200.137085	94.983
201.587372	94.972
203.048157	94.961
204.519531	94.951
206.001556	94.940
207.494324	94.929
208.997925	94.919
210.512405	94.908
212.037857	94.898
213.574371	94.887
215.122025	94.877
216.680893	94.866
218.251053	94.854
219.832581	94.841
221.425583	94.828
223.030121	94.814
224.646286	94.800
226.274170	94.786
227.913849	94.771
229.565399	94.757
231.228928	94.743
232.904510	94.729
234.592224	94.716
236.292191	94.703
238.004456	94.690
239.729126	94.676
241.466309	94.663
243.216080	94.648
244.978516	94.634
246.753738	94.618
248.541809	94.602
250.342850	94.585
252.156937	94.567
253.984161	94.549
255.824646	94.531
257.678467	94.513
259.545685	94.497
261.426483	94.481
263.320862	94.466
265.229004	94.450
267.150970	94.434
269.086853	94.419
271.036774	94.404
273.000824	94.389
274.979095	94.373
276.971710	94.356
278.978760	94.339
281.000336	94.320
283.036591	94.301
285.087585	94.280
287.153442	94.260
289.234283	94.239
291.330200	94.219
293.441284	94.199
295.567688	94.180
297.709503	94.161
299.866821	94.144
302.039795	94.126
304.228485	94.109
306.433044	94.091
308.653595	94.075
310.890228	94.059
313.143066	94.044
315.412231	94.032
317.697845	94.023
320.000000	94.016
322.318848	94.010
324.654510	94.004
327.007080	93.998
329.376709	93.992
331.763519	93.986
334.167603	93.979
336.589142	93.973
339.028198	93.966
341.484924	93.959
343.959473	93.952
346.451935	93.946
348.962463	93.941
351.491211	93.937
354.038239	93.934
356.603760	93.931
359.187866	93.929
361.790680	93.927
364.412354	93.925
367.053040	93.925
369.712860	93.926
372.391968	93.928
375.090454	93.931
377.808533	93.933
380.546265	93.936
383.303864	93.938
386.081451	93.941
388.879150	93.943
391.697144	93.946
394.535522	93.950
397.394501	93.954
400.274170	93.958
403.174744	93.962
406.096313	93.966
409.039062	93.969
412.003113	93.973
414.988647	93.976
417.995850	93.981
421.024811	93.986
424.075714	93.991
427.148743	93.995
430.244049	93.999
433.361786	94.003
436.502106	94.005
439.665161	94.004
442.851166	94.000
446.060242	93.997
449.292572	93.996
452.548340	93.994
455.827698	93.990
459.130798	93.987
462.457855	93.986
465.809021	93.985
469.184448	93.985
472.584381	93.985
476.008911	93.988
479.458252	93.994
482.932617	94.003
486.432159	94.011
489.957031	94.018
493.507477	94.024
497.083618	94.030
500.685699	94.035
504.313873	94.040
507.968323	94.044
511.649292	94.047
515.356934	94.051
519.091370	94.056
522.852966	94.062
526.641724	94.070
530.458008	94.079
534.301941	94.089
538.173706	94.101
542.073547	94.117
546.001648	94.133
549.958191	94.149
553.943420	94.166
557.957520	94.184
562.000671	94.202
566.073181	94.219
570.175171	94.234
574.306885	94.247
578.468567	94.263
582.660400	94.280
586.882568	94.296
591.135376	94.311
595.419006	94.323
599.733643	94.332
604.079590	94.339
608.456970	94.346
612.866089	94.353
617.307190	94.362
621.780457	94.374
626.286133	94.392
630.824463	94.415
635.395691	94.443
640.000000	94.476
644.637695	94.513
649.309021	94.547
654.014160	94.580
658.753418	94.612
663.527039	94.642
668.335205	94.670
673.178284	94.696
678.056396	94.724
682.969849	94.753
687.918945	94.785
692.903870	94.824
697.924927	94.868
702.982422	94.916
708.076477	94.967
713.207520	95.017
718.375732	95.063
723.581360	95.106
728.824707	95.146
734.106079	95.184
739.425720	95.217
744.783936	95.246
750.180908	95.273
755.617065	95.303
761.092529	95.337
766.607727	95.373
772.162903	95.407
777.758301	95.441
783.394287	95.475
789.071045	95.509
794.789001	95.538
800.548340	95.563
806.349487	95.587
812.192627	95.604
818.078125	95.611
824.006226	95.611
829.977295	95.611
835.991699	95.614
842.049622	95.613
848.151428	95.599
854.297485	95.565
860.488098	95.511
866.723572	95.448
873.004211	95.395
879.330322	95.360
885.702332	95.347
892.120483	95.349
898.585144	95.361
905.096680	95.381
911.655396	95.407
918.261597	95.440
924.915710	95.486
931.618042	95.540
938.368896	95.601
945.168762	95.671
952.017822	95.748
958.916504	95.821
965.865234	95.885
972.864319	95.945
979.914062	96.008
987.014954	96.069
994.167236	96.123
1001.371399	96.163
1008.627747	96.185
1015.936646	96.195
1023.298584	96.204
1030.713867	96.219
1038.182739	96.239
1045.705933	96.251
1053.283447	96.260
1060.916016	96.283
1068.603882	96.320
1076.347412	96.349
1084.147095	96.373
1092.003296	96.406
1099.916382	96.444
1107.886841	96.489
1115.915039	96.544
1124.001343	96.603
1132.146362	96.670
1140.350342	96.744
1148.613770	96.799
1156.937134	96.832
1165.320801	96.854
1173.765137	96.871
1182.270752	96.890
1190.838013	96.909
1199.467285	96.914
1208.159180	96.921
1216.913940	96.937
1225.732178	96.953
1234.614380	96.977
1243.560913	97.012
1252.572266	97.039
1261.648926	97.049
1270.791382	97.044
1280.000000	97.034
1289.275391	97.046
1298.618042	97.094
1308.028320	97.154
1317.506836	97.213
1327.054077	97.274
1336.670410	97.320
1346.356567	97.338
1356.112793	97.353
1365.939697	97.375
1375.837891	97.395
1385.807739	97.424
1395.849854	97.456
1405.964844	97.495
1416.152954	97.548
1426.415039	97.598
1436.751465	97.633
1447.162720	97.676
1457.649414	97.738
1468.212158	97.807
1478.851440	97.866
1489.567871	97.937
1500.361816	98.004
1511.234131	98.027
1522.185059	98.029
1533.215454	98.060
1544.325806	98.112
1555.516602	98.135
1566.788574	98.147
1578.142090	98.201
1589.578003	98.271
1601.096680	98.337
1612.698975	98.427
1624.385254	98.501
1636.156250	98.518
1648.012451	98.515
1659.954590	98.518
1671.983398	98.544
1684.099243	98.613
1696.302856	98.677
1708.594971	98.716
1720.976196	98.749
1733.447144	98.789
1746.008423	98.857
1758.660645	98.945
1771.404663	98.993
1784.240967	98.995
1797.170288	98.994
1810.193359	99.014
1823.310791	99.074
1836.523193	99.152
1849.831421	99.221
1863.236084	99.304
1876.737793	99.398
1890.337524	99.468
1904.035645	99.525
1917.833008	99.569
1931.730469	99.576
1945.728638	99.562
1959.828125	99.589
1974.029907	99.670
1988.334473	99.756
2002.742798	99.844
2017.255493	99.938
2031.873291	100.030
2046.597168	100.101
2061.427734	100.140
2076.365479	100.182
2091.411865	100.231
2106.566895	100.303
2121.832031	100.413
2137.207764	100.522
2152.694824	100.611
2168.294189	100.658
2184.006592	100.680
2199.832764	100.714
2215.773682	100.738
2231.830078	100.769
2248.002686	100.858
2264.292725	100.984
2280.700684	101.121
2297.227539	101.279
2313.874268	101.437
2330.641602	101.571
2347.530273	101.658
2364.541504	101.727
2381.676025	101.828
2398.934570	102.002
2416.318359	102.206
2433.827881	102.376
2451.464355	102.515
2469.228760	102.626
2487.121826	102.716
2505.144531	102.827
2523.297852	102.969
2541.582764	103.142
2560.000000	103.343
2578.550781	103.533
2597.236084	103.673
2616.056641	103.774
2635.013672	103.867
2654.108154	104.001
2673.340820	104.177
2692.713135	104.355
2712.225586	104.514
2731.879395	104.655
2751.675781	104.805
2771.615479	104.965
2791.699707	105.128
2811.929688	105.282
2832.305908	105.438
2852.830078	105.591
2873.502930	105.729
2894.325439	105.856
2915.298828	105.956
2936.424316	106.052
2957.702881	106.165
2979.135742	106.286
3000.723633	106.386
3022.468262	106.471
3044.370117	106.559
3066.430908	106.646
3088.651611	106.740
3111.033203	106.842
3133.577148	106.922
3156.284180	106.975
3179.156006	107.020
3202.193359	107.062
3225.397949	107.095
3248.770508	107.132
3272.312500	107.179
3296.024902	107.225
3319.909180	107.260
3343.966797	107.285
3368.198486	107.310
3392.605713	107.331
3417.189941	107.354
3441.952393	107.368
3466.894287	107.342
3492.016846	107.287
3517.321289	107.226
3542.809326	107.159
3568.481934	107.089
3594.340576	107.009
3620.386719	106.919
3646.621582	106.811
3673.046387	106.679
3699.662842	106.531
3726.472168	106.390
3753.475586	106.248
3780.675049	106.100
3808.071289	105.934
3835.666016	105.749
3863.460938	105.559
3891.457275	105.370
3919.656250	105.162
3948.059814	104.927
3976.668945	104.672
4005.485596	104.423
4034.510986	104.173
4063.746582	103.903
4093.194336	103.629
4122.855469	103.377
4152.730957	103.138
4182.823730	102.895
4213.133789	102.642
4243.664062	102.394
4274.415527	102.164
4305.389648	101.957
4336.588379	101.790
4368.013184	101.658
4399.665527	101.554
4431.547363	101.516
4463.660156	101.564
4496.005371	101.662
4528.585449	101.779
4561.401367	101.923
4594.455078	102.086
4627.748535	102.248
4661.283203	102.412
4695.060547	102.576
4729.083008	102.719
4763.352051	102.823
4797.869141	102.887
4832.636719	102.936
4867.655762	102.986
4902.928711	103.026
4938.457520	103.059
4974.243652	103.097
5010.289062	103.150
5046.595703	103.209
5083.165527	103.263
5120.000000	103.315
5157.101562	103.371
5194.472168	103.433
5232.113281	103.503
5270.027344	103.574
5308.216309	103.635
5346.681641	103.687
5385.426270	103.734
5424.451172	103.780
5463.758789	103.816
5503.351562	103.827
5543.230957	103.798
5583.399414	103.721
5623.859375	103.595
5664.611816	103.419
5705.660156	103.200
5747.005859	102.957
5788.650879	102.708
5830.597656	102.457
5872.848633	102.214
5915.405762	101.979
5958.271484	101.737
6001.447266	101.471
6044.936523	101.162
6088.740234	100.798
6132.861816	100.389
6177.303223	99.944
6222.066406	99.464
6267.154297	98.969
6312.568359	98.472
6358.312012	97.978
6404.386719	97.499
6450.795898	97.043
6497.541016	96.622
6544.625000	96.233
6592.049805	95.882
6639.818359	95.568
6687.933594	95.280
6736.396973	95.022
6785.211426	94.794
6834.379883	94.591
6883.904785	94.412
6933.788574	94.269
6984.033691	94.160
7034.642578	94.082
7085.618652	94.034
7136.963867	94.014
7188.681152	94.022
7240.773438	94.049
7293.243164	94.081
7346.092773	94.104
7399.325684	94.108
7452.944336	94.088
7506.951172	94.050
7561.350098	93.997
7616.142578	93.928
7671.332031	93.846
7726.921875	93.747
7782.914551	93.631
7839.312500	93.491
7896.119629	93.319
7953.337891	93.115
8010.971191	92.879
8069.021973	92.617
8127.493164	92.339
8186.388672	92.057
8245.710938	91.786
8305.461914	91.556
8365.647461	91.409
8426.267578	91.371
8487.328125	91.445
8548.831055	91.626
8610.779297	91.918
8673.176758	92.282
8736.026367	92.597
8799.331055	92.653
8863.094727	92.218
8927.320312	91.168
8992.010742	89.574
9057.170898	87.676
9122.802734	85.772
9188.910156	84.094
9255.497070	82.742
9322.566406	81.759
9390.121094	81.129
9458.166016	80.776
9526.704102	80.650
9595.738281	80.749
9665.273438	81.076
9735.311523	81.596
9805.857422	82.259
9876.915039	83.036
9948.487305	83.925
10020.578125	84.921
10093.191406	85.993
10166.331055	87.126
10240.000000	88.313
10314.203125	89.545
10388.944336	90.790
10464.226562	91.998
10540.054688	93.091
10616.432617	93.952
10693.363281	94.446
10770.852539	94.476
10848.902344	94.038
10927.517578	93.223
11006.703125	92.165
11086.461914	90.992
11166.798828	89.784
11247.718750	88.581
11329.223633	87.380
11411.320312	86.137
11494.011719	84.777
11577.301758	83.260
11661.195312	81.794
11745.697266	81.154
11830.811523	82.141
11916.542969	84.254
12002.894531	86.570
12089.873047	88.707
12177.480469	90.616
12265.723633	92.331
12354.606445	93.874
12444.132812	95.253
12534.308594	96.462
12625.136719	97.468
12716.624023	98.220
12808.773438	98.663
12901.591797	98.750
12995.082031	98.444
13089.250000	97.747
13184.099609	96.705
13279.636719	95.390
13375.867188	93.896
13472.793945	92.309
13570.422852	90.692
13668.759766	89.083
13767.809570	87.479
13867.577148	85.855
13968.067383	84.191
14069.285156	82.488
14171.237305	80.919
14273.927734	80.026
14377.362305	80.346
14481.546875	81.492
14586.486328	82.468
14692.185547	82.593
14798.651367	81.635
14905.888672	79.995
15013.902344	79.095
15122.700195	79.990
15232.285156	81.644
15342.664062	83.152
15453.843750	84.346
15565.829102	85.286
15678.625000	86.044
15792.239258	86.662
15906.675781	87.187
16021.942383	87.697
16138.043945	88.306
16254.986328	89.183
16372.777344	90.510
16491.421875	92.259
16610.923828	94.059
16731.294922	95.402
16852.535156	95.968
16974.656250	95.766
17097.662109	95.041
17221.558594	94.070
17346.353516	93.021
17472.052734	91.944
17598.662109	90.853
17726.189453	89.755
17854.640625	88.639
17984.021484	87.464
18114.341797	86.231
18245.605469	85.114
18377.820312	84.487
18510.994141	84.634
18645.132812	85.403
18780.242188	86.423
18916.332031	87.440
19053.408203	88.342
19191.476562	89.072
19330.546875	89.596
19470.623047	89.904
19611.714844	90.028
19753.830078	90.026
19896.974609	89.979
