20.290907	86.790
20.437943	86.850
20.586044	86.912
20.735220	86.977
20.885475	87.042
21.036821	87.105
21.189262	87.169
21.342808	87.233
21.497467	87.298
21.653246	87.363
21.810154	87.429
21.968201	87.496
22.127390	87.563
22.287735	87.631
22.449242	87.699
22.611917	87.766
22.775772	87.833
22.940815	87.899
23.107054	87.964
23.274498	88.028
23.443153	88.091
23.613033	88.154
23.784142	88.215
23.956491	88.277
24.130091	88.338
24.304947	88.399
24.481071	88.460
24.658470	88.521
24.837156	88.582
25.017136	88.644
25.198421	88.705
25.381020	88.766
25.564941	88.827
25.750195	88.887
25.936790	88.947
26.124741	89.007
26.314051	89.067
26.504732	89.126
26.696796	89.185
26.890253	89.244
27.085112	89.303
27.281382	89.362
27.479073	89.421
27.678198	89.480
27.878765	89.539
28.080786	89.597
28.284271	89.656
28.489231	89.714
28.695675	89.772
28.903616	89.829
29.113064	89.886
29.324028	89.942
29.536524	89.998
29.750557	90.053
29.966141	90.107
30.183289	90.162
30.402010	90.217
30.622314	90.272
30.844217	90.327
31.067726	90.383
31.292856	90.439
31.519617	90.496
31.748020	90.554
31.978081	90.611
32.209808	90.667
32.443211	90.723
32.678310	90.778
32.915108	90.832
33.153625	90.885
33.393871	90.937
33.635857	90.988
33.879597	91.039
34.125103	91.090
34.372387	91.141
34.621464	91.192
34.872345	91.242
35.125042	91.292
35.379574	91.341
35.635948	91.391
35.894180	91.442
36.154285	91.494
36.416275	91.547
36.680161	91.601
36.945961	91.655
37.213688	91.709
37.483353	91.761
37.754974	91.812
38.028561	91.862
38.304131	91.909
38.581699	91.956
38.861279	92.003
39.142883	92.051
39.426529	92.099
39.712231	92.148
40.000000	92.197
40.289856	92.245
40.581814	92.292
40.875885	92.337
41.172089	92.381
41.470440	92.425
41.770950	92.470
42.073643	92.516
42.378525	92.562
42.685616	92.608
42.994934	92.653
43.306492	92.695
43.620308	92.735
43.936401	92.772
44.254780	92.805
44.575470	92.835
44.898483	92.865
45.223835	92.895
45.551544	92.927
45.881630	92.964
46.214108	93.007
46.548996	93.054
46.886307	93.106
47.226067	93.160
47.568283	93.213
47.912983	93.265
48.260181	93.313
48.609894	93.359
48.962143	93.404
49.316940	93.447
49.674313	93.488
50.034271	93.527
50.396843	93.563
50.762039	93.598
51.129883	93.632
51.500389	93.665
51.873581	93.698
52.249481	93.730
52.628101	93.761
53.009464	93.791
53.393593	93.822
53.780506	93.854
54.170223	93.888
54.562763	93.922
54.958145	93.955
55.356396	93.986
55.757530	94.015
56.161572	94.044
56.568542	94.072
56.978462	94.100
57.391350	94.127
57.807232	94.154
58.226128	94.178
58.648056	94.201
59.073048	94.223
59.501114	94.243
59.932281	94.262
60.366577	94.279
60.804020	94.294
61.244629	94.307
61.688435	94.318
62.135452	94.327
62.585712	94.335
63.039234	94.344
63.496040	94.355
63.956161	94.371
64.419617	94.391
64.886421	94.417
65.356621	94.446
65.830215	94.477
66.307251	94.509
66.787743	94.543
67.271713	94.577
67.759193	94.612
68.250206	94.648
68.744774	94.681
69.242928	94.712
69.744690	94.740
70.250084	94.767
70.759148	94.793
71.271896	94.816
71.788361	94.837
72.308571	94.855
72.832550	94.870
73.360321	94.882
73.891922	94.889
74.427376	94.893
74.966705	94.894
75.509949	94.893
76.057121	94.891
76.608261	94.889
77.163399	94.885
77.722557	94.881
78.285767	94.875
78.853058	94.868
79.424461	94.860
80.000000	94.854
80.579712	94.855
81.163628	94.864
81.751770	94.883
82.344177	94.909
82.940880	94.940
83.541901	94.973
84.147285	95.006
84.757050	95.038
85.371231	95.065
85.989868	95.089
86.612984	95.106
87.240616	95.116
87.872803	95.117
88.509560	95.107
89.150940	95.086
89.796967	95.053
90.447670	95.010
91.103088	94.959
91.763260	94.902
92.428215	94.843
93.097992	94.786
93.772614	94.737
94.452133	94.702
95.136566	94.684
95.825966	94.685
96.520363	94.702
97.219788	94.733
97.924286	94.773
98.633881	94.818
99.348625	94.864
100.068542	94.908
100.793686	94.948
101.524078	94.982
102.259766	95.010
103.000778	95.032
103.747162	95.050
104.498962	95.067
105.256203	95.083
106.018929	95.102
106.787186	95.122
107.561012	95.142
108.340446	95.159
109.125526	95.173
109.916290	95.181
110.712791	95.184
111.515060	95.182
112.323143	95.178
113.137085	95.172
113.956924	95.167
114.782700	95.162
115.614464	95.160
116.452255	95.162
117.296112	95.168
118.146095	95.179
119.002228	95.195
119.864563	95.215
120.733154	95.237
121.608040	95.259
122.489258	95.280
123.376869	95.300
124.270905	95.318
125.171425	95.336
126.078468	95.354
126.992081	95.372
127.912323	95.389
128.839233	95.404
129.772842	95.419
130.713242	95.433
131.660431	95.447
132.614502	95.459
133.575485	95.471
134.543427	95.481
135.518387	95.490
136.500412	95.498
137.489548	95.505
138.485855	95.512
139.489380	95.517
140.500168	95.522
141.518295	95.527
142.543793	95.531
143.576721	95.534
144.617142	95.537
145.665100	95.540
146.720642	95.541
147.783844	95.543
148.854752	95.544
149.933411	95.545
151.019897	95.546
152.114243	95.547
153.216522	95.547
154.326797	95.547
155.445114	95.546
156.571533	95.546
157.706116	95.544
158.848923	95.543
160.000000	95.539
161.159424	95.533
162.327255	95.525
163.503540	95.515
164.688354	95.505
165.881760	95.496
167.083801	95.486
168.294571	95.475
169.514099	95.465
170.742462	95.453
171.979736	95.441
173.225967	95.430
174.481232	95.419
175.745605	95.407
177.019119	95.395
178.301880	95.383
179.593933	95.370
180.895340	95.357
182.206177	95.344
183.526520	95.331
184.856430	95.316
186.195984	95.302
187.545227	95.287
188.904266	95.272
190.273132	95.256
191.651932	95.240
193.040726	95.224
194.439575	95.208
195.848572	95.193
197.267761	95.179
198.697250	95.166
200.137085	95.155
201.587372	95.145
203.048157	95.137
204.519531	95.128
206.001556	95.120
207.494324	95.111
208.997925	95.102
210.512405	95.092
212.037857	95.081
213.574371	95.070
215.122025	95.059
216.680893	95.046
218.251053	95.033
219.832581	95.019
221.425583	95.004
223.030121	94.988
224.646286	94.971
226.274170	94.954
227.913849	94.937
229.565399	94.920
231.228928	94.903
232.904510	94.887
234.592224	94.871
236.292191	94.856
238.004456	94.840
239.729126	94.824
241.466309	94.808
243.216080	94.790
244.978516	94.773
246.753738	94.754
248.541809	94.736
250.342850	94.716
252.156937	94.696
253.984161	94.676
255.824646	94.656
257.678467	94.637
259.545685	94.620
261.426483	94.603
263.320862	94.588
265.229004	94.573
267.150970	94.558
269.086853	94.544
271.036774	94.530
273.000824	94.516
274.979095	94.502
276.971710	94.487
278.978760	94.472
281.000336	94.455
283.036591	94.438
285.087585	94.419
287.153442	94.401
289.234283	94.383
291.330200	94.365
293.441284	94.349
295.567688	94.334
297.709503	94.320
299.866821	94.305
302.039795	94.289
304.228485	94.273
306.433044	94.257
308.653595	94.240
310.890228	94.224
313.143066	94.209
315.412231	94.196
317.697845	94.187
320.000000	94.179
322.318848	94.172
324.654510	94.166
327.007080	94.160
329.376709	94.154
331.763519	94.148
334.167603	94.142
336.589142	94.136
339.028198	94.130
341.484924	94.124
343.959473	94.119
346.451935	94.114
348.962463	94.110
351.491211	94.107
354.038239	94.104
356.603760	94.102
359.187866	94.100
361.790680	94.099
364.412354	94.098
367.053040	94.099
369.712860	94.100
372.391968	94.103
375.090454	94.105
377.808533	94.108
380.546265	94.111
383.303864	94.113
386.081451	94.115
388.879150	94.117
391.697144	94.120
394.535522	94.124
397.394501	94.128
400.274170	94.132
403.174744	94.136
406.096313	94.141
409.039062	94.145
412.003113	94.149
414.988647	94.153
417.995850	94.159
421.024811	94.165
424.075714	94.170
427.148743	94.176
430.244049	94.181
433.361786	94.186
436.502106	94.190
439.665161	94.191
442.851166	94.193
446.060242	94.195
449.292572	94.199
452.548340	94.202
455.827698	94.206
459.130798	94.210
462.457855	94.215
465.809021	94.221
469.184448	94.227
472.584381	94.233
476.008911	94.240
479.458252	94.248
482.932617	94.258
486.432159	94.267
489.957031	94.274
493.507477	94.281
497.083618	94.289
500.685699	94.297
504.313873	94.305
507.968323	94.313
511.649292	94.321
515.356934	94.330
519.091370	94.340
522.852966	94.352
526.641724	94.364
530.458008	94.376
534.301941	94.389
538.173706	94.402
542.073547	94.417
546.001648	94.433
549.958191	94.448
553.943420	94.463
557.957520	94.478
562.000671	94.493
566.073181	94.506
570.175171	94.517
574.306885	94.526
578.468567	94.535
582.660400	94.546
586.882568	94.559
591.135376	94.573
595.419006	94.586
599.733643	94.599
604.079590	94.611
608.456970	94.625
612.866089	94.640
617.307190	94.657
621.780457	94.676
626.286133	94.699
630.824463	94.726
635.395691	94.756
640.000000	94.789
644.637695	94.824
649.309021	94.858
654.014160	94.890
658.753418	94.920
663.527039	94.947
668.335205	94.972
673.178284	94.995
678.056396	95.019
682.969849	95.044
687.918945	95.072
692.903870	95.106
697.924927	95.145
702.982422	95.184
708.076477	95.221
713.207520	95.254
718.375732	95.282
723.581360	95.305
728.824707	95.324
734.106079	95.340
739.425720	95.351
744.783936	95.355
750.180908	95.358
755.617065	95.363
761.092529	95.374
766.607727	95.389
772.162903	95.405
777.758301	95.427
783.394287	95.455
789.071045	95.490
794.789001	95.526
800.548340	95.564
806.349487	95.606
812.192627	95.647
818.078125	95.683
824.006226	95.718
829.977295	95.757
835.991699	95.802
842.049622	95.846
848.151428	95.884
854.297485	95.907
860.488098	95.912
866.723572	95.903
873.004211	95.889
879.330322	95.878
885.702332	95.871
892.120483	95.865
898.585144	95.856
905.096680	95.846
911.655396	95.835
918.261597	95.832
924.915710	95.842
931.618042	95.865
938.368896	95.898
945.168762	95.944
952.017822	96.000
958.916504	96.056
965.865234	96.104
972.864319	96.153
979.914062	96.206
987.014954	96.262
994.167236	96.314
1001.371399	96.355
1008.627747	96.382
1015.936646	96.402
1023.298584	96.425
1030.713867	96.457
1038.182739	96.491
1045.705933	96.514
1053.283447	96.527
1060.916016	96.552
1068.603882	96.592
1076.347412	96.632
1084.147095	96.670
1092.003296	96.717
1099.916382	96.767
1107.886841	96.818
1115.915039	96.877
1124.001343	96.937
1132.146362	97.005
1140.350342	97.080
1148.613770	97.140
1156.937134	97.178
1165.320801	97.205
1173.765137	97.226
1182.270752	97.247
1190.838013	97.267
1199.467285	97.274
1208.159180	97.278
1216.913940	97.292
1225.732178	97.309
1234.614380	97.340
1243.560913	97.383
1252.572266	97.417
1261.648926	97.430
1270.791382	97.432
1280.000000	97.428
1289.275391	97.443
1298.618042	97.491
1308.028320	97.551
1317.506836	97.610
1327.054077	97.675
1336.670410	97.729
1346.356567	97.752
1356.112793	97.773
1365.939697	97.801
1375.837891	97.821
1385.807739	97.847
1395.849854	97.879
1405.964844	97.920
1416.152954	97.979
1426.415039	98.037
1436.751465	98.081
1447.162720	98.129
1457.649414	98.189
1468.212158	98.254
1478.851440	98.302
1489.567871	98.363
1500.361816	98.436
1511.234131	98.470
1522.185059	98.475
1533.215454	98.507
1544.325806	98.559
1555.516602	98.588
1566.788574	98.605
1578.142090	98.663
1589.578003	98.738
1601.096680	98.808
1612.698975	98.903
1624.385254	98.982
1636.156250	98.996
1648.012451	98.980
1659.954590	98.968
1671.983398	98.974
1684.099243	99.019
1696.302856	99.070
1708.594971	99.112
1720.976196	99.152
1733.447144	99.188
1746.008423	99.241
1758.660645	99.313
1771.404663	99.354
1784.240967	99.355
1797.170288	99.345
1810.193359	99.340
1823.310791	99.377
1836.523193	99.438
1849.831421	99.490
1863.236084	99.567
1876.737793	99.676
1890.337524	99.768
1904.035645	99.839
1917.833008	99.888
1931.730469	99.885
1945.728638	99.850
1959.828125	99.864
1974.029907	99.943
1988.334473	100.038
2002.742798	100.130
2017.255493	100.229
2031.873291	100.321
2046.597168	100.373
2061.427734	100.386
2076.365479	100.410
2091.411865	100.450
2106.566895	100.520
2121.832031	100.631
2137.207764	100.742
2152.694824	100.838
2168.294189	100.893
2184.006592	100.920
2199.832764	100.967
2215.773682	101.008
2231.830078	101.059
2248.002686	101.164
2264.292725	101.299
2280.700684	101.435
2297.227539	101.576
2313.874268	101.707
2330.641602	101.822
2347.530273	101.907
2364.541504	101.982
2381.676025	102.077
2398.934570	102.227
2416.318359	102.411
2433.827881	102.579
2451.464355	102.727
2469.228760	102.850
2487.121826	102.944
2505.144531	103.043
2523.297852	103.168
2541.582764	103.327
2560.000000	103.519
2578.550781	103.712
2597.236084	103.862
2616.056641	103.978
2635.013672	104.092
2654.108154	104.238
2673.340820	104.406
2692.713135	104.574
2712.225586	104.735
2731.879395	104.880
2751.675781	105.030
2771.615479	105.183
2791.699707	105.345
2811.929688	105.493
2832.305908	105.634
2852.830078	105.775
2873.502930	105.917
2894.325439	106.063
2915.298828	106.192
2936.424316	106.318
2957.702881	106.438
2979.135742	106.543
3000.723633	106.625
3022.468262	106.702
3044.370117	106.784
3066.430908	106.859
3088.651611	106.934
3111.033203	107.020
3133.577148	107.099
3156.284180	107.166
3179.156006	107.224
3202.193359	107.275
3225.397949	107.310
3248.770508	107.341
3272.312500	107.377
3296.024902	107.415
3319.909180	107.436
3343.966797	107.441
3368.198486	107.446
3392.605713	107.450
3417.189941	107.457
3441.952393	107.461
3466.894287	107.430
3492.016846	107.363
3517.321289	107.286
3542.809326	107.207
3568.481934	107.135
3594.340576	107.068
3620.386719	106.993
3646.621582	106.888
3673.046387	106.759
3699.662842	106.625
3726.472168	106.501
3753.475586	106.373
3780.675049	106.228
3808.071289	106.058
3835.666016	105.866
3863.460938	105.669
3891.457275	105.477
3919.656250	105.281
3948.059814	105.071
3976.668945	104.851
4005.485596	104.626
4034.510986	104.387
4063.746582	104.128
4093.194336	103.866
4122.855469	103.624
4152.730957	103.404
4182.823730	103.181
4213.133789	102.939
4243.664062	102.705
4274.415527	102.497
4305.389648	102.311
4336.588379	102.164
4368.013184	102.064
4399.665527	102.004
4431.547363	102.028
4463.660156	102.154
4496.005371	102.327
4528.585449	102.503
4561.401367	102.679
4594.455078	102.853
4627.748535	103.022
4661.283203	103.184
4695.060547	103.346
4729.083008	103.510
4763.352051	103.656
4797.869141	103.772
4832.636719	103.861
4867.655762	103.930
4902.928711	103.984
4938.457520	104.015
4974.243652	104.037
5010.289062	104.065
5046.595703	104.105
5083.165527	104.153
5120.000000	104.206
5157.101562	104.261
5194.472168	104.325
5232.113281	104.397
5270.027344	104.468
5308.216309	104.536
5346.681641	104.596
5385.426270	104.652
5424.451172	104.708
5463.758789	104.754
5503.351562	104.770
5543.230957	104.751
5583.399414	104.682
5623.859375	104.547
5664.611816	104.347
5705.660156	104.089
5747.005859	103.779
5788.650879	103.434
5830.597656	103.078
5872.848633	102.721
5915.405762	102.369
5958.271484	102.022
6001.447266	101.661
6044.936523	101.259
6088.740234	100.817
6132.861816	100.352
6177.303223	99.877
6222.066406	99.410
6267.154297	98.965
6312.568359	98.540
6358.312012	98.140
6404.386719	97.773
6450.795898	97.448
6497.541016	97.164
6544.625000	96.912
6592.049805	96.686
6639.818359	96.476
6687.933594	96.271
6736.396973	96.076
6785.211426	95.885
6834.379883	95.696
6883.904785	95.513
6933.788574	95.347
6984.033691	95.197
7034.642578	95.066
7085.618652	94.956
7136.963867	94.869
7188.681152	94.801
7240.773438	94.747
7293.243164	94.704
7346.092773	94.674
7399.325684	94.660
7452.944336	94.660
7506.951172	94.680
7561.350098	94.719
7616.142578	94.780
7671.332031	94.866
7726.921875	94.980
7782.914551	95.122
7839.312500	95.291
7896.119629	95.492
7953.337891	95.733
8010.971191	96.024
8069.021973	96.369
8127.493164	96.770
8186.388672	97.227
8245.710938	97.734
8305.461914	98.272
8365.647461	98.797
8426.267578	99.226
8487.328125	99.437
8548.831055	99.293
8610.779297	98.696
8673.176758	97.629
8736.026367	96.160
8799.331055	94.407
8863.094727	92.498
8927.320312	90.525
8992.010742	88.541
9057.170898	86.565
9122.802734	84.607
9188.910156	82.688
9255.497070	80.838
9322.566406	79.125
9390.121094	77.742
9458.166016	76.976
9526.704102	76.979
9595.738281	77.630
9665.273438	78.655
9735.311523	79.834
9805.857422	81.062
9876.915039	82.314
9948.487305	83.589
10020.578125	84.870
10093.191406	86.128
10166.331055	87.321
10240.000000	88.388
10314.203125	89.270
10388.944336	89.929
10464.226562	90.347
10540.054688	90.538
10616.432617	90.541
10693.363281	90.399
10770.852539	90.150
10848.902344	89.839
10927.517578	89.497
11006.703125	89.144
11086.461914	88.806
11166.798828	88.505
11247.718750	88.250
11329.223633	88.038
11411.320312	87.855
11494.011719	87.666
11577.301758	87.411
11661.195312	87.005
11745.697266	86.351
11830.811523	85.364
11916.542969	83.967
12002.894531	82.218
12089.873047	80.834
12177.480469	81.489
12265.723633	84.044
12354.606445	86.848
12444.132812	89.313
12534.308594	91.407
12625.136719	93.173
12716.624023	94.613
12808.773438	95.679
12901.591797	96.276
12995.082031	96.305
13089.250000	95.717
13184.099609	94.542
13279.636719	92.872
13375.867188	90.825
13472.793945	88.490
13570.422852	85.901
13668.759766	83.048
13767.809570	79.970
13867.577148	77.105
13968.067383	75.764
14069.285156	76.513
14171.237305	77.990
14273.927734	79.282
14377.362305	80.191
14481.546875	80.699
14586.486328	80.875
14692.185547	80.935
14798.651367	81.297
14905.888672	82.346
15013.902344	83.899
15122.700195	85.470
15232.285156	86.779
15342.664062	87.780
15453.843750	88.517
15565.829102	89.055
15678.625000	89.463
15792.239258	89.826
15906.675781	90.253
16021.942383	90.878
16138.043945	91.779
16254.986328	92.893
16372.777344	94.017
16491.421875	94.881
16610.923828	95.271
16731.294922	95.135
16852.535156	94.595
16974.656250	93.855
17097.662109	93.089
17221.558594	92.393
17346.353516	91.767
17472.052734	91.160
17598.662109	90.497
17726.189453	89.713
17854.640625	88.791
17984.021484	87.768
18114.341797	86.680
18245.605469	85.497
18377.820312	84.097
18510.994141	82.409
18645.132812	80.848
18780.242188	80.698
18916.332031	82.447
19053.408203	84.965
19191.476562	87.522
19330.546875	89.888
19470.623047	91.867
19611.714844	93.229
19753.830078	93.855
19896.974609	93.894
