
Frequency	dB	Unweighted
19.5	59.0
19.8	58.7
20.1	59.3
20.3	59.4
20.6	59.7
20.9	60.1
21.2	60.3
21.6	60.1
21.9	60.5
22.2	60.3
22.5	60.7
22.8	61.0
23.2	60.9
23.5	61.0
23.8	61.5
24.2	61.6
24.5	61.4
24.9	61.9
25.3	62.1
25.6	61.7
26.0	62.4
26.4	62.4
26.8	62.4
27.2	62.4
27.5	63.0
28.0	62.7
28.4	62.7
28.8	62.7
29.2	63.3
29.6	63.2
30.0	63.4
30.5	63.5
30.9	63.5
31.4	63.8
31.8	63.6
32.3	63.7
32.8	63.9
33.2	64.1
33.7	64.1
34.2	64.2
34.7	64.2
35.2	64.0
35.7	64.2
36.2	64.3
36.8	64.1
37.3	64.3
37.9	64.5
38.4	64.7
39.0	64.9
39.5	64.7
40.1	64.9
40.7	64.7
41.3	65.1
41.9	65.5
42.5	65.3
43.1	65.5
43.7	65.1
44.4	65.6
45.0	65.3
45.7	65.4
46.3	65.9
47.0	65.8
47.7	65.8
48.4	65.9
49.1	66.2
49.8	66.2
50.5	65.8
51.3	65.8
52.0	66.1
52.8	66.1
53.5	66.1
54.3	66.7
55.1	66.7
55.9	66.4
56.7	66.7
57.5	66.4
58.4	66.9
59.2	66.6
60.1	66.7
61.0	66.5
61.8	66.9
62.7	66.8
63.7	67.0
64.6	67.1
65.5	66.9
66.5	66.9
67.4	67.4
68.4	67.1
69.4	66.9
70.4	67.0
71.5	67.1
72.5	67.4
73.5	67.5
74.6	67.5
75.7	67.1
76.8	67.4
77.9	67.7
79.1	67.4
80.2	67.9
81.4	67.7
82.6	67.3
83.8	67.7
85.0	67.7
86.2	67.6
87.5	67.5
88.7	67.8
90.0	67.6
91.3	67.7
92.7	67.8
94.0	68.0
95.4	68.0
96.8	67.7
98.2	67.8
99.6	67.7
101.0	68.0
103.0	68.0
104.0	67.7
106.0	68.0
107.0	68.0
109.0	67.6
110.0	68.1
112.0	67.8
113.0	68.1
115.0	67.7
117.0	67.5
118.0	67.7
120.0	67.5
122.0	68.2
124.0	67.9
125.0	67.9
127.0	67.6
129.0	67.4
131.0	67.9
133.0	68.0
135.0	67.4
137.0	67.6
139.0	67.3
141.0	67.7
143.0	67.7
145.0	67.3
147.0	67.4
149.0	67.4
151.0	67.2
154.0	67.5
156.0	67.3
158.0	67.1
160.0	67.3
163.0	67.3
165.0	67.1
168.0	67.1
170.0	67.4
172.0	67.3
175.0	67.1
177.0	67.2
180.0	66.8
183.0	66.9
185.0	66.9
188.0	67.0
191.0	66.8
194.0	66.7
196.0	66.6
199.0	66.9
202.0	66.5
205.0	67.0
208.0	67.0
211.0	66.3
214.0	66.3
217.0	66.7
220.0	66.3
224.0	66.1
227.0	66.6
230.0	66.4
234.0	66.3
237.0	66.4
240.0	66.4
244.0	65.9
247.0	65.9
251.0	65.8
255.0	65.8
258.0	65.7
262.0	65.8
266.0	65.6
270.0	65.7
274.0	65.2
278.0	65.3
282.0	65.2
286.0	65.3
290.0	64.9
294.0	64.8
298.0	65.0
303.0	64.8
307.0	64.5
312.0	64.5
316.0	64.8
321.0	64.2
325.0	64.4
330.0	64.1
335.0	63.6
340.0	64.2
345.0	64.0
350.0	63.9
355.0	63.8
360.0	63.5
365.0	63.0
371.0	63.2
376.0	62.7
382.0	62.6
387.0	62.4
393.0	62.4
398.0	62.8
404.0	62.1
410.0	62.3
416.0	62.1
422.0	61.9
428.0	62.0
434.0	61.8
441.0	61.4
447.0	61.3
454.0	60.9
460.0	60.8
467.0	61.1
474.0	60.7
481.0	60.4
488.0	60.6
495.0	59.9
502.0	60.1
509.0	59.9
517.0	60.0
524.0	59.4
532.0	59.7
540.0	59.1
547.0	58.9
555.0	59.1
563.0	58.9
572.0	58.6
580.0	58.3
588.0	58.6
597.0	58.2
606.0	58.1
614.0	58.2
623.0	57.8
632.0	57.8
642.0	57.4
651.0	57.7
660.0	57.2
670.0	57.2
680.0	56.9
690.0	56.7
700.0	56.9
710.0	56.5
720.0	56.3
731.0	56.6
741.0	56.1
752.0	56.2
763.0	56.4
774.0	56.3
785.0	55.7
797.0	55.5
808.0	55.6
820.0	55.9
832.0	55.7
844.0	55.5
856.0	55.2
869.0	54.9
882.0	55.2
894.0	55.2
907.0	55.1
921.0	55.1
934.0	54.8
948.0	54.4
961.0	54.9
975.0	54.5
990.0	54.5
1004.0	54.7
1019.0	54.2
1033.0	54.1
1048.0	54.1
1064.0	54.4
1079.0	54.2
1095.0	54.3
1111.0	54.4
1127.0	54.1
1143.0	54.4
1160.0	54.1
1177.0	54.4
1194.0	54.7
1211.0	54.6
1229.0	54.2
1247.0	54.5
1265.0	54.5
1283.0	54.2
1302.0	54.8
1321.0	54.8
1340.0	54.7
1360.0	55.2
1379.0	55.0
1399.0	55.1
1420.0	55.0
1440.0	55.2
1461.0	55.7
1483.0	56.0
1504.0	56.0
1526.0	56.3
1548.0	56.5
1571.0	56.4
1594.0	56.5
1617.0	56.8
1640.0	57.5
1664.0	57.6
1688.0	58.0
1713.0	58.4
1738.0	58.3
1763.0	58.7
1789.0	58.9
1815.0	59.6
1841.0	60.1
1868.0	60.2
1895.0	60.7
1923.0	60.9
1951.0	61.8
1979.0	62.1
2008.0	62.7
2037.0	63.1
2067.0	63.8
2097.0	63.7
2127.0	64.6
2158.0	64.8
2190.0	65.7
2221.0	66.2
2254.0	66.8
2287.0	67.4
2320.0	67.7
2354.0	68.5
2388.0	68.6
2423.0	69.7
2458.0	70.1
2494.0	70.4
2530.0	71.3
2567.0	71.7
2604.0	72.1
2642.0	72.9
2680.0	73.1
2719.0	73.4
2759.0	73.9
2799.0	74.4
2840.0	75.1
2881.0	75.5
2923.0	75.4
2965.0	75.8
3008.0	76.1
3052.0	76.6
3097.0	76.4
3142.0	76.8
3187.0	76.4
3234.0	76.9
3281.0	76.2
3328.0	76.8
3377.0	76.2
3426.0	75.8
3476.0	75.9
3526.0	75.7
3578.0	75.1
3630.0	74.9
3682.0	74.6
3736.0	73.8
3790.0	73.5
3846.0	72.8
3901.0	72.5
3958.0	71.5
4016.0	71.2
4074.0	70.5
4133.0	69.9
4194.0	69.3
4255.0	68.9
4316.0	68.3
4379.0	68.0
4443.0	68.1
4508.0	68.0
4573.0	67.8
4640.0	68.2
4707.0	68.1
4776.0	67.6
4845.0	67.3
4916.0	66.9
4987.0	66.3
5060.0	65.4
5133.0	64.3
5208.0	63.2
5284.0	62.5
5360.0	61.4
5438.0	60.5
5518.0	59.4
5598.0	58.7
5679.0	58.4
5762.0	57.9
5846.0	57.6
5931.0	57.9
6017.0	57.8
6104.0	57.9
6193.0	57.9
6283.0	57.9
6375.0	57.8
6467.0	58.1
6561.0	58.2
6657.0	57.9
6754.0	57.4
6852.0	57.1
6952.0	57.2
7053.0	57.0
7155.0	56.6
7259.0	56.7
7365.0	56.8
7472.0	56.6
7581.0	56.5
7691.0	56.3
7803.0	55.7
7916.0	55.2
8032.0	54.9
8148.0	54.7
8267.0	53.8
8387.0	54.1
8509.0	54.3
8633.0	54.1
8758.0	54.5
8886.0	54.4
9015.0	54.6
9146.0	55.2
9279.0	55.4
9414.0	56.6
9551.0	57.0
9690.0	56.7
9831.0	56.8
9974.0	56.4
10119.0	56.4
10266.0	55.8
10416.0	55.4
10567.0	55.4
10721.0	55.5
10877.0	55.3
11035.0	55.0
11196.0	54.3
11358.0	53.8
11524.0	52.6
11691.0	51.4
11861.0	50.2
12034.0	48.7
12209.0	47.6
12386.0	46.3
12567.0	45.1
12749.0	43.5
12935.0	42.3
13123.0	40.8
13314.0	39.3
13507.0	38.2
13704.0	37.0
13903.0	36.3
14105.0	35.6
14311.0	34.7
14519.0	34.1
14730.0	33.4
14944.0	32.9
15162.0	32.8
15382.0	32.6
15606.0	32.5
15833.0	32.5
16063.0	32.3
16297.0	32.4
16534.0	32.8
16774.0	33.0
17018.0	33.1
17266.0	33.7
17517.0	34.2
17772.0	35.0
18030.0	35.6
18293.0	36.8
18559.0	38.1
18829.0	39.2
19102.0	40.7
19380.0	42.6
20000.0	46.3
