20.290907	86.797
20.437943	86.858
20.586044	86.920
20.735220	86.987
20.885475	87.053
21.036821	87.119
21.189262	87.185
21.342808	87.250
21.497467	87.316
21.653246	87.381
21.810154	87.446
21.968201	87.511
22.127390	87.576
22.287735	87.640
22.449242	87.704
22.611917	87.768
22.775772	87.832
22.940815	87.896
23.107054	87.959
23.274498	88.022
23.443153	88.086
23.613033	88.149
23.784142	88.211
23.956491	88.274
24.130091	88.336
24.304947	88.398
24.481071	88.459
24.658470	88.520
24.837156	88.581
25.017136	88.642
25.198421	88.703
25.381020	88.765
25.564941	88.826
25.750195	88.887
25.936790	88.949
26.124741	89.010
26.314051	89.071
26.504732	89.131
26.696796	89.191
26.890253	89.250
27.085112	89.309
27.281382	89.368
27.479073	89.426
27.678198	89.484
27.878765	89.542
28.080786	89.600
28.284271	89.657
28.489231	89.715
28.695675	89.773
28.903616	89.830
29.113064	89.887
29.324028	89.944
29.536524	90.000
29.750557	90.056
29.966141	90.112
30.183289	90.168
30.402010	90.224
30.622314	90.280
30.844217	90.336
31.067726	90.391
31.292856	90.446
31.519617	90.501
31.748020	90.555
31.978081	90.610
32.209808	90.663
32.443211	90.717
32.678310	90.770
32.915108	90.823
33.153625	90.876
33.393871	90.930
33.635857	90.983
33.879597	91.036
34.125103	91.088
34.372387	91.139
34.621464	91.189
34.872345	91.237
35.125042	91.284
35.379574	91.330
35.635948	91.377
35.894180	91.424
36.154285	91.473
36.416275	91.524
36.680161	91.576
36.945961	91.630
37.213688	91.683
37.483353	91.737
37.754974	91.789
38.028561	91.841
38.304131	91.892
38.581699	91.943
38.861279	91.992
39.142883	92.041
39.426529	92.089
39.712231	92.137
40.000000	92.184
40.289856	92.232
40.581814	92.279
40.875885	92.327
41.172089	92.374
41.470440	92.421
41.770950	92.467
42.073643	92.512
42.378525	92.556
42.685616	92.599
42.994934	92.640
43.306492	92.681
43.620308	92.722
43.936401	92.760
44.254780	92.796
44.575470	92.830
44.898483	92.861
45.223835	92.892
45.551544	92.922
45.881630	92.955
46.214108	92.993
46.548996	93.034
46.886307	93.079
47.226067	93.127
47.568283	93.177
47.912983	93.227
48.260181	93.277
48.609894	93.326
48.962143	93.375
49.316940	93.421
49.674313	93.466
50.034271	93.507
50.396843	93.543
50.762039	93.578
51.129883	93.611
51.500389	93.644
51.873581	93.678
52.249481	93.711
52.628101	93.745
53.009464	93.778
53.393593	93.811
53.780506	93.844
54.170223	93.876
54.562763	93.908
54.958145	93.940
55.356396	93.971
55.757530	94.002
56.161572	94.032
56.568542	94.061
56.978462	94.089
57.391350	94.117
57.807232	94.144
58.226128	94.171
58.648056	94.196
59.073048	94.221
59.501114	94.245
59.932281	94.268
60.366577	94.289
60.804020	94.308
61.244629	94.326
61.688435	94.343
62.135452	94.359
62.585712	94.375
63.039234	94.391
63.496040	94.406
63.956161	94.422
64.419617	94.439
64.886421	94.457
65.356621	94.476
65.830215	94.497
66.307251	94.519
66.787743	94.545
67.271713	94.574
67.759193	94.606
68.250206	94.638
68.744774	94.668
69.242928	94.695
69.744690	94.720
70.250084	94.747
70.759148	94.774
71.271896	94.803
71.788361	94.832
72.308571	94.861
72.832550	94.889
73.360321	94.915
73.891922	94.938
74.427376	94.959
74.966705	94.976
75.509949	94.990
76.057121	95.000
76.608261	95.007
77.163399	95.012
77.722557	95.013
78.285767	95.010
78.853058	95.002
79.424461	94.989
80.000000	94.972
80.579712	94.949
81.163628	94.922
81.751770	94.894
82.344177	94.864
82.940880	94.837
83.541901	94.814
84.147285	94.799
84.757050	94.792
85.371231	94.793
85.989868	94.800
86.612984	94.811
87.240616	94.824
87.872803	94.836
88.509560	94.842
89.150940	94.840
89.796967	94.825
90.447670	94.797
91.103088	94.756
91.763260	94.705
92.428215	94.650
93.097992	94.597
93.772614	94.553
94.452133	94.523
95.136566	94.512
95.825966	94.520
96.520363	94.545
97.219788	94.584
97.924286	94.634
98.633881	94.689
99.348625	94.746
100.068542	94.802
100.793686	94.852
101.524078	94.896
102.259766	94.934
103.000778	94.965
103.747162	94.989
104.498962	95.007
105.256203	95.021
106.018929	95.033
106.787186	95.045
107.561012	95.059
108.340446	95.074
109.125526	95.092
109.916290	95.109
110.712791	95.124
111.515060	95.135
112.323143	95.141
113.137085	95.142
113.956924	95.139
114.782700	95.131
115.614464	95.122
116.452255	95.113
117.296112	95.107
118.146095	95.106
119.002228	95.112
119.864563	95.124
120.733154	95.141
121.608040	95.161
122.489258	95.182
123.376869	95.202
124.270905	95.220
125.171425	95.239
126.078468	95.259
126.992081	95.278
127.912323	95.296
128.839233	95.313
129.772842	95.329
130.713242	95.343
131.660431	95.356
132.614502	95.368
133.575485	95.379
134.543427	95.389
135.518387	95.398
136.500412	95.405
137.489548	95.412
138.485855	95.417
139.489380	95.422
140.500168	95.426
141.518295	95.429
142.543793	95.433
143.576721	95.436
144.617142	95.437
145.665100	95.439
146.720642	95.440
147.783844	95.442
148.854752	95.442
149.933411	95.442
151.019897	95.442
152.114243	95.442
153.216522	95.442
154.326797	95.441
155.445114	95.440
156.571533	95.439
157.706116	95.437
158.848923	95.434
160.000000	95.430
161.159424	95.422
162.327255	95.413
163.503540	95.403
164.688354	95.392
165.881760	95.382
167.083801	95.371
168.294571	95.360
169.514099	95.349
170.742462	95.337
171.979736	95.326
173.225967	95.314
174.481232	95.301
175.745605	95.289
177.019119	95.276
178.301880	95.264
179.593933	95.251
180.895340	95.237
182.206177	95.223
183.526520	95.209
184.856430	95.195
186.195984	95.180
187.545227	95.165
188.904266	95.150
190.273132	95.134
191.651932	95.118
193.040726	95.102
194.439575	95.086
195.848572	95.072
197.267761	95.057
198.697250	95.044
200.137085	95.031
201.587372	95.021
203.048157	95.012
204.519531	95.003
206.001556	94.994
207.494324	94.985
208.997925	94.976
210.512405	94.966
212.037857	94.956
213.574371	94.946
215.122025	94.935
216.680893	94.925
218.251053	94.914
219.832581	94.902
221.425583	94.890
223.030121	94.877
224.646286	94.864
226.274170	94.850
227.913849	94.836
229.565399	94.821
231.228928	94.806
232.904510	94.791
234.592224	94.778
236.292191	94.765
238.004456	94.753
239.729126	94.740
241.466309	94.727
243.216080	94.713
244.978516	94.697
246.753738	94.681
248.541809	94.663
250.342850	94.644
252.156937	94.623
253.984161	94.602
255.824646	94.581
257.678467	94.561
259.545685	94.542
261.426483	94.523
263.320862	94.505
265.229004	94.488
267.150970	94.471
269.086853	94.454
271.036774	94.438
273.000824	94.421
274.979095	94.405
276.971710	94.388
278.978760	94.371
281.000336	94.353
283.036591	94.334
285.087585	94.314
287.153442	94.293
289.234283	94.272
291.330200	94.249
293.441284	94.228
295.567688	94.207
297.709503	94.189
299.866821	94.172
302.039795	94.156
304.228485	94.140
306.433044	94.125
308.653595	94.109
310.890228	94.094
313.143066	94.080
315.412231	94.069
317.697845	94.061
320.000000	94.055
322.318848	94.049
324.654510	94.044
327.007080	94.039
329.376709	94.033
331.763519	94.027
334.167603	94.021
336.589142	94.015
339.028198	94.009
341.484924	94.003
343.959473	93.998
346.451935	93.993
348.962463	93.989
351.491211	93.986
354.038239	93.984
356.603760	93.982
359.187866	93.981
361.790680	93.979
364.412354	93.978
367.053040	93.979
369.712860	93.980
372.391968	93.982
375.090454	93.985
377.808533	93.987
380.546265	93.989
383.303864	93.991
386.081451	93.992
388.879150	93.994
391.697144	93.997
394.535522	94.001
397.394501	94.005
400.274170	94.009
403.174744	94.013
406.096313	94.017
409.039062	94.021
412.003113	94.025
414.988647	94.028
417.995850	94.033
421.024811	94.038
424.075714	94.043
427.148743	94.047
430.244049	94.052
433.361786	94.056
436.502106	94.060
439.665161	94.060
442.851166	94.059
446.060242	94.060
449.292572	94.062
452.548340	94.064
455.827698	94.066
459.130798	94.069
462.457855	94.072
465.809021	94.076
469.184448	94.079
472.584381	94.083
476.008911	94.089
479.458252	94.096
482.932617	94.104
486.432159	94.112
489.957031	94.120
493.507477	94.127
497.083618	94.135
500.685699	94.143
504.313873	94.151
507.968323	94.159
511.649292	94.168
515.356934	94.178
519.091370	94.189
522.852966	94.201
526.641724	94.215
530.458008	94.228
534.301941	94.242
538.173706	94.258
542.073547	94.275
546.001648	94.293
549.958191	94.309
553.943420	94.326
557.957520	94.343
562.000671	94.360
566.073181	94.374
570.175171	94.386
574.306885	94.396
578.468567	94.408
582.660400	94.422
586.882568	94.438
591.135376	94.454
595.419006	94.469
599.733643	94.481
604.079590	94.491
608.456970	94.502
612.866089	94.515
617.307190	94.531
621.780457	94.550
626.286133	94.573
630.824463	94.600
635.395691	94.630
640.000000	94.664
644.637695	94.699
649.309021	94.733
654.014160	94.764
658.753418	94.793
663.527039	94.818
668.335205	94.841
673.178284	94.863
678.056396	94.885
682.969849	94.908
687.918945	94.933
692.903870	94.963
697.924927	95.000
702.982422	95.040
708.076477	95.081
713.207520	95.119
718.375732	95.150
723.581360	95.175
728.824707	95.195
734.106079	95.211
739.425720	95.220
744.783936	95.222
750.180908	95.221
755.617065	95.218
761.092529	95.218
766.607727	95.220
772.162903	95.226
777.758301	95.236
783.394287	95.256
789.071045	95.284
794.789001	95.315
800.548340	95.350
806.349487	95.387
812.192627	95.424
818.078125	95.458
824.006226	95.491
829.977295	95.528
835.991699	95.570
842.049622	95.613
848.151428	95.651
854.297485	95.676
860.488098	95.686
866.723572	95.686
873.004211	95.685
879.330322	95.685
885.702332	95.684
892.120483	95.681
898.585144	95.678
905.096680	95.676
911.655396	95.674
918.261597	95.677
924.915710	95.689
931.618042	95.709
938.368896	95.738
945.168762	95.779
952.017822	95.828
958.916504	95.875
965.865234	95.918
972.864319	95.964
979.914062	96.018
987.014954	96.073
994.167236	96.124
1001.371399	96.164
1008.627747	96.194
1015.936646	96.220
1023.298584	96.251
1030.713867	96.288
1038.182739	96.327
1045.705933	96.356
1053.283447	96.384
1060.916016	96.426
1068.603882	96.477
1076.347412	96.520
1084.147095	96.558
1092.003296	96.603
1099.916382	96.653
1107.886841	96.703
1115.915039	96.752
1124.001343	96.796
1132.146362	96.847
1140.350342	96.908
1148.613770	96.956
1156.937134	96.987
1165.320801	97.005
1173.765137	97.013
1182.270752	97.026
1190.838013	97.046
1199.467285	97.064
1208.159180	97.084
1216.913940	97.102
1225.732178	97.119
1234.614380	97.146
1243.560913	97.179
1252.572266	97.204
1261.648926	97.214
1270.791382	97.217
1280.000000	97.219
1289.275391	97.242
1298.618042	97.297
1308.028320	97.359
1317.506836	97.420
1327.054077	97.479
1336.670410	97.515
1346.356567	97.527
1356.112793	97.548
1365.939697	97.575
1375.837891	97.594
1385.807739	97.620
1395.849854	97.656
1405.964844	97.701
1416.152954	97.757
1426.415039	97.800
1436.751465	97.820
1447.162720	97.847
1457.649414	97.904
1468.212158	97.967
1478.851440	98.017
1489.567871	98.082
1500.361816	98.146
1511.234131	98.166
1522.185059	98.174
1533.215454	98.228
1544.325806	98.287
1555.516602	98.310
1566.788574	98.338
1578.142090	98.407
1589.578003	98.473
1601.096680	98.530
1612.698975	98.613
1624.385254	98.679
1636.156250	98.695
1648.012451	98.706
1659.954590	98.741
1671.983398	98.790
1684.099243	98.848
1696.302856	98.879
1708.594971	98.900
1720.976196	98.922
1733.447144	98.947
1746.008423	99.001
1758.660645	99.080
1771.404663	99.127
1784.240967	99.140
1797.170288	99.162
1810.193359	99.195
1823.310791	99.245
1836.523193	99.300
1849.831421	99.338
1863.236084	99.389
1876.737793	99.463
1890.337524	99.526
1904.035645	99.575
1917.833008	99.618
1931.730469	99.642
1945.728638	99.654
1959.828125	99.695
1974.029907	99.764
1988.334473	99.838
2002.742798	99.931
2017.255493	100.038
2031.873291	100.133
2046.597168	100.212
2061.427734	100.267
2076.365479	100.330
2091.411865	100.401
2106.566895	100.463
2121.832031	100.511
2137.207764	100.562
2152.694824	100.615
2168.294189	100.638
2184.006592	100.664
2199.832764	100.719
2215.773682	100.773
2231.830078	100.847
2248.002686	100.957
2264.292725	101.069
2280.700684	101.192
2297.227539	101.338
2313.874268	101.484
2330.641602	101.618
2347.530273	101.723
2364.541504	101.821
2381.676025	101.929
2398.934570	102.088
2416.318359	102.276
2433.827881	102.435
2451.464355	102.585
2469.228760	102.727
2487.121826	102.858
2505.144531	102.997
2523.297852	103.148
2541.582764	103.311
2560.000000	103.486
2578.550781	103.655
2597.236084	103.796
2616.056641	103.931
2635.013672	104.069
2654.108154	104.212
2673.340820	104.363
2692.713135	104.507
2712.225586	104.649
2731.879395	104.797
2751.675781	104.966
2771.615479	105.132
2791.699707	105.290
2811.929688	105.422
2832.305908	105.544
2852.830078	105.673
2873.502930	105.801
2894.325439	105.927
2915.298828	106.040
2936.424316	106.157
2957.702881	106.283
2979.135742	106.423
3000.723633	106.559
3022.468262	106.671
3044.370117	106.759
3066.430908	106.842
3088.651611	106.929
3111.033203	107.009
3133.577148	107.064
3156.284180	107.106
3179.156006	107.149
3202.193359	107.185
3225.397949	107.222
3248.770508	107.274
3272.312500	107.336
3296.024902	107.394
3319.909180	107.429
3343.966797	107.442
3368.198486	107.457
3392.605713	107.477
3417.189941	107.493
3441.952393	107.493
3466.894287	107.466
3492.016846	107.426
3517.321289	107.383
3542.809326	107.335
3568.481934	107.279
3594.340576	107.201
3620.386719	107.102
3646.621582	106.972
3673.046387	106.820
3699.662842	106.668
3726.472168	106.530
3753.475586	106.390
3780.675049	106.245
3808.071289	106.089
3835.666016	105.915
3863.460938	105.736
3891.457275	105.564
3919.656250	105.386
3948.059814	105.192
3976.668945	104.979
4005.485596	104.751
4034.510986	104.503
4063.746582	104.231
4093.194336	103.952
4122.855469	103.678
4152.730957	103.410
4182.823730	103.137
4213.133789	102.856
4243.664062	102.610
4274.415527	102.424
4305.389648	102.279
4336.588379	102.170
4368.013184	102.107
4399.665527	102.084
4431.547363	102.103
4463.660156	102.164
4496.005371	102.253
4528.585449	102.375
4561.401367	102.536
4594.455078	102.723
4627.748535	102.933
4661.283203	103.153
4695.060547	103.365
4729.083008	103.542
4763.352051	103.672
4797.869141	103.774
4832.636719	103.844
4867.655762	103.878
4902.928711	103.887
4938.457520	103.889
4974.243652	103.908
5010.289062	103.941
5046.595703	103.987
5083.165527	104.053
5120.000000	104.127
5157.101562	104.181
5194.472168	104.218
5232.113281	104.251
5270.027344	104.280
5308.216309	104.307
5346.681641	104.343
5385.426270	104.386
5424.451172	104.419
5463.758789	104.427
5503.351562	104.402
5543.230957	104.335
5583.399414	104.213
5623.859375	104.029
5664.611816	103.785
5705.660156	103.483
5747.005859	103.137
5788.650879	102.766
5830.597656	102.396
5872.848633	102.049
5915.405762	101.728
5958.271484	101.419
6001.447266	101.107
6044.936523	100.773
6088.740234	100.412
6132.861816	100.034
6177.303223	99.633
6222.066406	99.213
6267.154297	98.794
6312.568359	98.378
6358.312012	97.967
6404.386719	97.575
6450.795898	97.207
6497.541016	96.861
6544.625000	96.540
6592.049805	96.237
6639.818359	95.947
6687.933594	95.669
6736.396973	95.412
6785.211426	95.172
6834.379883	94.943
6883.904785	94.729
6933.788574	94.535
6984.033691	94.361
7034.642578	94.212
7085.618652	94.093
7136.963867	94.006
7188.681152	93.946
7240.773438	93.900
7293.243164	93.865
7346.092773	93.836
7399.325684	93.810
7452.944336	93.788
7506.951172	93.767
7561.350098	93.746
7616.142578	93.728
7671.332031	93.717
7726.921875	93.715
7782.914551	93.715
7839.312500	93.713
7896.119629	93.705
7953.337891	93.693
8010.971191	93.677
8069.021973	93.656
8127.493164	93.625
8186.388672	93.586
8245.710938	93.537
8305.461914	93.468
8365.647461	93.369
8426.267578	93.239
8487.328125	93.076
8548.831055	92.851
8610.779297	92.521
8673.176758	92.001
8736.026367	91.169
8799.331055	89.901
8863.094727	88.115
8927.320312	85.820
8992.010742	83.140
9057.170898	80.337
9122.802734	77.849
9188.910156	76.223
9255.497070	75.698
9322.566406	75.942
9390.121094	76.509
9458.166016	77.205
9526.704102	78.018
9595.738281	78.932
9665.273438	79.880
9735.311523	80.827
9805.857422	81.799
9876.915039	82.826
9948.487305	83.915
10020.578125	85.061
10093.191406	86.260
10166.331055	87.504
10240.000000	88.779
10314.203125	90.046
10388.944336	91.228
10464.226562	92.207
10540.054688	92.842
10616.432617	93.018
10693.363281	92.710
10770.852539	91.989
10848.902344	90.995
10927.517578	89.864
11006.703125	88.705
11086.461914	87.591
11166.798828	86.567
11247.718750	85.658
11329.223633	84.863
11411.320312	84.197
11494.011719	83.711
11577.301758	83.473
11661.195312	83.549
11745.697266	83.988
11830.811523	84.773
11916.542969	85.807
12002.894531	86.970
12089.873047	88.196
12177.480469	89.461
12265.723633	90.746
12354.606445	92.011
12444.132812	93.227
12534.308594	94.382
12625.136719	95.448
12716.624023	96.362
12808.773438	97.015
12901.591797	97.267
12995.082031	97.002
13089.250000	96.172
13184.099609	94.797
13279.636719	92.946
13375.867188	90.723
13472.793945	88.241
13570.422852	85.640
13668.759766	83.159
13767.809570	81.275
13867.577148	80.631
13968.067383	81.230
14069.285156	82.442
14171.237305	83.817
14273.927734	85.149
14377.362305	86.332
14481.546875	87.261
14586.486328	87.794
14692.185547	87.809
14798.651367	87.322
14905.888672	86.599
15013.902344	86.135
15122.700195	86.264
15232.285156	86.834
15342.664062	87.510
15453.843750	88.072
15565.829102	88.430
15678.625000	88.582
15792.239258	88.590
15906.675781	88.566
16021.942383	88.693
16138.043945	89.192
16254.986328	90.182
16372.777344	91.559
16491.421875	93.013
16610.923828	94.197
16731.294922	94.843
16852.535156	94.852
16974.656250	94.363
17097.662109	93.669
17221.558594	93.010
17346.353516	92.465
17472.052734	91.989
17598.662109	91.483
17726.189453	90.845
17854.640625	89.996
17984.021484	88.866
18114.341797	87.388
18245.605469	85.539
18377.820312	83.452
18510.994141	81.703
18645.132812	81.265
18780.242188	82.261
18916.332031	83.924
19053.408203	85.767
19191.476562	87.607
19330.546875	89.310
19470.623047	90.710
19611.714844	91.644
19753.830078	92.047
19896.974609	92.043
