20.290907	86.844
20.437943	86.904
20.586044	86.965
20.735220	87.031
20.885475	87.096
21.036821	87.161
21.189262	87.225
21.342808	87.290
21.497467	87.356
21.653246	87.421
21.810154	87.487
21.968201	87.554
22.127390	87.621
22.287735	87.687
22.449242	87.754
22.611917	87.821
22.775772	87.887
22.940815	87.952
23.107054	88.017
23.274498	88.082
23.443153	88.145
23.613033	88.208
23.784142	88.270
23.956491	88.332
24.130091	88.394
24.304947	88.455
24.481071	88.515
24.658470	88.576
24.837156	88.637
25.017136	88.697
25.198421	88.758
25.381020	88.818
25.564941	88.879
25.750195	88.939
25.936790	88.999
26.124741	89.059
26.314051	89.119
26.504732	89.179
26.696796	89.239
26.890253	89.298
27.085112	89.357
27.281382	89.416
27.479073	89.475
27.678198	89.534
27.878765	89.592
28.080786	89.650
28.284271	89.708
28.489231	89.765
28.695675	89.823
28.903616	89.880
29.113064	89.937
29.324028	89.994
29.536524	90.051
29.750557	90.108
29.966141	90.164
30.183289	90.220
30.402010	90.275
30.622314	90.329
30.844217	90.383
31.067726	90.436
31.292856	90.489
31.519617	90.542
31.748020	90.597
31.978081	90.652
32.209808	90.707
32.443211	90.763
32.678310	90.820
32.915108	90.876
33.153625	90.931
33.393871	90.986
33.635857	91.039
33.879597	91.091
34.125103	91.142
34.372387	91.192
34.621464	91.240
34.872345	91.289
35.125042	91.336
35.379574	91.384
35.635948	91.433
35.894180	91.482
36.154285	91.532
36.416275	91.583
36.680161	91.634
36.945961	91.686
37.213688	91.737
37.483353	91.788
37.754974	91.839
38.028561	91.889
38.304131	91.940
38.581699	91.990
38.861279	92.041
39.142883	92.092
39.426529	92.142
39.712231	92.190
40.000000	92.237
40.289856	92.281
40.581814	92.325
40.875885	92.368
41.172089	92.411
41.470440	92.455
41.770950	92.500
42.073643	92.546
42.378525	92.591
42.685616	92.636
42.994934	92.680
43.306492	92.723
43.620308	92.764
43.936401	92.803
44.254780	92.838
44.575470	92.870
44.898483	92.897
45.223835	92.923
45.551544	92.950
45.881630	92.981
46.214108	93.021
46.548996	93.068
46.886307	93.121
47.226067	93.178
47.568283	93.234
47.912983	93.288
48.260181	93.338
48.609894	93.386
48.962143	93.432
49.316940	93.478
49.674313	93.522
50.034271	93.564
50.396843	93.602
50.762039	93.636
51.129883	93.669
51.500389	93.700
51.873581	93.731
52.249481	93.763
52.628101	93.793
53.009464	93.824
53.393593	93.856
53.780506	93.888
54.170223	93.921
54.562763	93.955
54.958145	93.987
55.356396	94.018
55.757530	94.047
56.161572	94.074
56.568542	94.102
56.978462	94.130
57.391350	94.158
57.807232	94.187
58.226128	94.213
58.648056	94.239
59.073048	94.263
59.501114	94.287
59.932281	94.310
60.366577	94.333
60.804020	94.354
61.244629	94.373
61.688435	94.390
62.135452	94.406
62.585712	94.422
63.039234	94.437
63.496040	94.453
63.956161	94.469
64.419617	94.487
64.886421	94.506
65.356621	94.526
65.830215	94.548
66.307251	94.571
66.787743	94.594
67.271713	94.620
67.759193	94.648
68.250206	94.676
68.744774	94.704
69.242928	94.730
69.744690	94.755
70.250084	94.780
70.759148	94.806
71.271896	94.832
71.788361	94.859
72.308571	94.885
72.832550	94.911
73.360321	94.935
73.891922	94.957
74.427376	94.975
74.966705	94.991
75.509949	95.003
76.057121	95.012
76.608261	95.017
77.163399	95.018
77.722557	95.014
78.285767	95.008
78.853058	94.998
79.424461	94.985
80.000000	94.967
80.579712	94.946
81.163628	94.922
81.751770	94.897
82.344177	94.874
82.940880	94.857
83.541901	94.848
84.147285	94.849
84.757050	94.858
85.371231	94.872
85.989868	94.890
86.612984	94.907
87.240616	94.922
87.872803	94.933
88.509560	94.937
89.150940	94.932
89.796967	94.915
90.447670	94.886
91.103088	94.845
91.763260	94.795
92.428215	94.739
93.097992	94.682
93.772614	94.630
94.452133	94.589
95.136566	94.566
95.825966	94.561
96.520363	94.576
97.219788	94.608
97.924286	94.650
98.633881	94.699
99.348625	94.750
100.068542	94.800
100.793686	94.847
101.524078	94.889
102.259766	94.926
103.000778	94.956
103.747162	94.982
104.498962	95.004
105.256203	95.024
106.018929	95.044
106.787186	95.065
107.561012	95.088
108.340446	95.111
109.125526	95.133
109.916290	95.151
110.712791	95.166
111.515060	95.177
112.323143	95.183
113.137085	95.183
113.956924	95.178
114.782700	95.168
115.614464	95.155
116.452255	95.139
117.296112	95.121
118.146095	95.106
119.002228	95.094
119.864563	95.088
120.733154	95.091
121.608040	95.102
122.489258	95.118
123.376869	95.138
124.270905	95.159
125.171425	95.182
126.078468	95.206
126.992081	95.229
127.912323	95.251
128.839233	95.269
129.772842	95.286
130.713242	95.301
131.660431	95.314
132.614502	95.327
133.575485	95.339
134.543427	95.350
135.518387	95.359
136.500412	95.368
137.489548	95.375
138.485855	95.381
139.489380	95.386
140.500168	95.391
141.518295	95.395
142.543793	95.398
143.576721	95.401
144.617142	95.404
145.665100	95.406
146.720642	95.407
147.783844	95.408
148.854752	95.408
149.933411	95.409
151.019897	95.408
152.114243	95.408
153.216522	95.407
154.326797	95.405
155.445114	95.404
156.571533	95.402
157.706116	95.400
158.848923	95.397
160.000000	95.392
161.159424	95.384
162.327255	95.375
163.503540	95.364
164.688354	95.354
165.881760	95.343
167.083801	95.332
168.294571	95.320
169.514099	95.308
170.742462	95.296
171.979736	95.284
173.225967	95.271
174.481232	95.259
175.745605	95.246
177.019119	95.233
178.301880	95.219
179.593933	95.205
180.895340	95.192
182.206177	95.177
183.526520	95.163
184.856430	95.148
186.195984	95.132
187.545227	95.117
188.904266	95.101
190.273132	95.084
191.651932	95.068
193.040726	95.052
194.439575	95.035
195.848572	95.019
197.267761	95.004
198.697250	94.990
200.137085	94.977
201.587372	94.965
203.048157	94.955
204.519531	94.945
206.001556	94.935
207.494324	94.925
208.997925	94.915
210.512405	94.905
212.037857	94.894
213.574371	94.884
215.122025	94.873
216.680893	94.861
218.251053	94.850
219.832581	94.837
221.425583	94.825
223.030121	94.812
224.646286	94.799
226.274170	94.785
227.913849	94.771
229.565399	94.758
231.228928	94.745
232.904510	94.734
234.592224	94.723
236.292191	94.713
238.004456	94.702
239.729126	94.692
241.466309	94.680
243.216080	94.667
244.978516	94.653
246.753738	94.638
248.541809	94.621
250.342850	94.602
252.156937	94.582
253.984161	94.560
255.824646	94.538
257.678467	94.516
259.545685	94.496
261.426483	94.475
263.320862	94.455
265.229004	94.435
267.150970	94.415
269.086853	94.396
271.036774	94.376
273.000824	94.357
274.979095	94.338
276.971710	94.319
278.978760	94.300
281.000336	94.280
283.036591	94.261
285.087585	94.242
287.153442	94.222
289.234283	94.201
291.330200	94.180
293.441284	94.160
295.567688	94.140
297.709503	94.122
299.866821	94.105
302.039795	94.090
304.228485	94.075
306.433044	94.060
308.653595	94.046
310.890228	94.031
313.143066	94.019
315.412231	94.008
317.697845	94.000
320.000000	93.994
322.318848	93.988
324.654510	93.982
327.007080	93.975
329.376709	93.968
331.763519	93.960
334.167603	93.952
336.589142	93.943
339.028198	93.933
341.484924	93.923
343.959473	93.914
346.451935	93.905
348.962463	93.896
351.491211	93.889
354.038239	93.882
356.603760	93.878
359.187866	93.873
361.790680	93.868
364.412354	93.864
367.053040	93.862
369.712860	93.862
372.391968	93.863
375.090454	93.864
377.808533	93.865
380.546265	93.866
383.303864	93.867
386.081451	93.868
388.879150	93.870
391.697144	93.872
394.535522	93.875
397.394501	93.878
400.274170	93.882
403.174744	93.886
406.096313	93.890
409.039062	93.895
412.003113	93.899
414.988647	93.903
417.995850	93.908
421.024811	93.915
424.075714	93.921
427.148743	93.926
430.244049	93.931
433.361786	93.936
436.502106	93.940
439.665161	93.941
442.851166	93.941
446.060242	93.943
449.292572	93.946
452.548340	93.949
455.827698	93.951
459.130798	93.953
462.457855	93.956
465.809021	93.960
469.184448	93.964
472.584381	93.968
476.008911	93.973
479.458252	93.981
482.932617	93.991
486.432159	94.000
489.957031	94.009
493.507477	94.017
497.083618	94.025
500.685699	94.034
504.313873	94.043
507.968323	94.052
511.649292	94.062
515.356934	94.072
519.091370	94.084
522.852966	94.097
526.641724	94.111
530.458008	94.125
534.301941	94.139
538.173706	94.155
542.073547	94.174
546.001648	94.192
549.958191	94.209
553.943420	94.226
557.957520	94.244
562.000671	94.261
566.073181	94.275
570.175171	94.286
574.306885	94.296
578.468567	94.308
582.660400	94.324
586.882568	94.341
591.135376	94.357
595.419006	94.371
599.733643	94.381
604.079590	94.390
608.456970	94.400
612.866089	94.411
617.307190	94.425
621.780457	94.443
626.286133	94.467
630.824463	94.496
635.395691	94.529
640.000000	94.567
644.637695	94.606
649.309021	94.645
654.014160	94.682
658.753418	94.717
663.527039	94.749
668.335205	94.777
673.178284	94.801
678.056396	94.824
682.969849	94.848
687.918945	94.873
692.903870	94.904
697.924927	94.939
702.982422	94.977
708.076477	95.016
713.207520	95.050
718.375732	95.078
723.581360	95.101
728.824707	95.121
734.106079	95.137
739.425720	95.147
744.783936	95.151
750.180908	95.153
755.617065	95.154
761.092529	95.161
766.607727	95.170
772.162903	95.180
777.758301	95.194
783.394287	95.215
789.071045	95.240
794.789001	95.267
800.548340	95.296
806.349487	95.329
812.192627	95.363
818.078125	95.393
824.006226	95.420
829.977295	95.452
835.991699	95.491
842.049622	95.532
848.151428	95.567
854.297485	95.588
860.488098	95.590
866.723572	95.579
873.004211	95.566
879.330322	95.558
885.702332	95.551
892.120483	95.542
898.585144	95.528
905.096680	95.512
911.655396	95.499
918.261597	95.498
924.915710	95.513
931.618042	95.543
938.368896	95.585
945.168762	95.642
952.017822	95.711
958.916504	95.781
965.865234	95.843
972.864319	95.905
979.914062	95.971
987.014954	96.037
994.167236	96.094
1001.371399	96.137
1008.627747	96.165
1015.936646	96.185
1023.298584	96.204
1030.713867	96.231
1038.182739	96.260
1045.705933	96.280
1053.283447	96.295
1060.916016	96.326
1068.603882	96.374
1076.347412	96.419
1084.147095	96.461
1092.003296	96.511
1099.916382	96.562
1107.886841	96.615
1115.915039	96.673
1124.001343	96.730
1132.146362	96.795
1140.350342	96.869
1148.613770	96.922
1156.937134	96.951
1165.320801	96.969
1173.765137	96.981
1182.270752	96.999
1190.838013	97.020
1199.467285	97.029
1208.159180	97.036
1216.913940	97.049
1225.732178	97.065
1234.614380	97.093
1243.560913	97.133
1252.572266	97.163
1261.648926	97.176
1270.791382	97.177
1280.000000	97.170
1289.275391	97.180
1298.618042	97.226
1308.028320	97.285
1317.506836	97.339
1327.054077	97.395
1336.670410	97.435
1346.356567	97.442
1356.112793	97.447
1365.939697	97.461
1375.837891	97.470
1385.807739	97.487
1395.849854	97.511
1405.964844	97.548
1416.152954	97.608
1426.415039	97.662
1436.751465	97.699
1447.162720	97.743
1457.649414	97.811
1468.212158	97.886
1478.851440	97.943
1489.567871	98.010
1500.361816	98.079
1511.234131	98.101
1522.185059	98.102
1533.215454	98.141
1544.325806	98.195
1555.516602	98.216
1566.788574	98.231
1578.142090	98.286
1589.578003	98.350
1601.096680	98.408
1612.698975	98.498
1624.385254	98.567
1636.156250	98.570
1648.012451	98.553
1659.954590	98.546
1671.983398	98.561
1684.099243	98.613
1696.302856	98.664
1708.594971	98.700
1720.976196	98.731
1733.447144	98.768
1746.008423	98.828
1758.660645	98.905
1771.404663	98.936
1784.240967	98.918
1797.170288	98.900
1810.193359	98.905
1823.310791	98.954
1836.523193	99.023
1849.831421	99.084
1863.236084	99.173
1876.737793	99.290
1890.337524	99.372
1904.035645	99.420
1917.833008	99.449
1931.730469	99.439
1945.728638	99.414
1959.828125	99.447
1974.029907	99.538
1988.334473	99.641
2002.742798	99.749
2017.255493	99.858
2031.873291	99.961
2046.597168	100.031
2061.427734	100.054
2076.365479	100.085
2091.411865	100.135
2106.566895	100.211
2121.832031	100.323
2137.207764	100.436
2152.694824	100.516
2168.294189	100.539
2184.006592	100.530
2199.832764	100.552
2215.773682	100.586
2231.830078	100.635
2248.002686	100.745
2264.292725	100.894
2280.700684	101.051
2297.227539	101.219
2313.874268	101.378
2330.641602	101.505
2347.530273	101.586
2364.541504	101.664
2381.676025	101.793
2398.934570	101.989
2416.318359	102.203
2433.827881	102.377
2451.464355	102.519
2469.228760	102.635
2487.121826	102.723
2505.144531	102.836
2523.297852	102.999
2541.582764	103.202
2560.000000	103.411
2578.550781	103.592
2597.236084	103.710
2616.056641	103.791
2635.013672	103.871
2654.108154	104.004
2673.340820	104.191
2692.713135	104.388
2712.225586	104.563
2731.879395	104.718
2751.675781	104.889
2771.615479	105.069
2791.699707	105.255
2811.929688	105.417
2832.305908	105.564
2852.830078	105.716
2873.502930	105.859
2894.325439	105.988
2915.298828	106.079
2936.424316	106.163
2957.702881	106.254
2979.135742	106.350
3000.723633	106.440
3022.468262	106.531
3044.370117	106.628
3066.430908	106.718
3088.651611	106.816
3111.033203	106.938
3133.577148	107.038
3156.284180	107.098
3179.156006	107.143
3202.193359	107.181
3225.397949	107.211
3248.770508	107.248
3272.312500	107.293
3296.024902	107.334
3319.909180	107.362
3343.966797	107.385
3368.198486	107.415
3392.605713	107.454
3417.189941	107.488
3441.952393	107.503
3466.894287	107.480
3492.016846	107.427
3517.321289	107.364
3542.809326	107.295
3568.481934	107.228
3594.340576	107.157
3620.386719	107.081
3646.621582	106.991
3673.046387	106.878
3699.662842	106.753
3726.472168	106.638
3753.475586	106.522
3780.675049	106.389
3808.071289	106.221
3835.666016	106.023
3863.460938	105.823
3891.457275	105.639
3919.656250	105.455
3948.059814	105.249
3976.668945	105.020
4005.485596	104.788
4034.510986	104.555
4063.746582	104.311
4093.194336	104.075
4122.855469	103.852
4152.730957	103.626
4182.823730	103.375
4213.133789	103.100
4243.664062	102.851
4274.415527	102.653
4305.389648	102.499
4336.588379	102.383
4368.013184	102.293
4399.665527	102.237
4431.547363	102.267
4463.660156	102.390
4496.005371	102.545
4528.585449	102.710
4561.401367	102.899
4594.455078	103.114
4627.748535	103.328
4661.283203	103.510
4695.060547	103.657
4729.083008	103.765
4763.352051	103.852
4797.869141	103.945
4832.636719	104.033
4867.655762	104.093
4902.928711	104.117
4938.457520	104.102
4974.243652	104.067
5010.289062	104.037
5046.595703	104.018
5083.165527	103.998
5120.000000	103.967
5157.101562	103.927
5194.472168	103.886
5232.113281	103.849
5270.027344	103.816
5308.216309	103.788
5346.681641	103.767
5385.426270	103.737
5424.451172	103.685
5463.758789	103.600
5503.351562	103.469
5543.230957	103.302
5583.399414	103.111
5623.859375	102.897
5664.611816	102.650
5705.660156	102.357
5747.005859	102.022
5788.650879	101.673
5830.597656	101.346
5872.848633	101.053
5915.405762	100.799
5958.271484	100.581
6001.447266	100.385
6044.936523	100.196
6088.740234	99.992
6132.861816	99.756
6177.303223	99.475
6222.066406	99.151
6267.154297	98.804
6312.568359	98.444
6358.312012	98.079
6404.386719	97.731
6450.795898	97.403
6497.541016	97.087
6544.625000	96.782
6592.049805	96.490
6639.818359	96.207
6687.933594	95.935
6736.396973	95.682
6785.211426	95.437
6834.379883	95.199
6883.904785	94.975
6933.788574	94.764
6984.033691	94.569
7034.642578	94.398
7085.618652	94.251
7136.963867	94.131
7188.681152	94.038
7240.773438	93.959
7293.243164	93.888
7346.092773	93.825
7399.325684	93.770
7452.944336	93.724
7506.951172	93.685
7561.350098	93.648
7616.142578	93.611
7671.332031	93.575
7726.921875	93.545
7782.914551	93.515
7839.312500	93.472
7896.119629	93.402
7953.337891	93.299
8010.971191	93.163
8069.021973	92.997
8127.493164	92.803
8186.388672	92.583
8245.710938	92.333
8305.461914	92.050
8365.647461	91.745
8426.267578	91.454
8487.328125	91.191
8548.831055	90.936
8610.779297	90.643
8673.176758	90.231
8736.026367	89.558
8799.331055	88.436
8863.094727	86.717
8927.320312	84.347
8992.010742	81.386
9057.170898	78.033
9122.802734	74.808
9188.910156	72.887
9255.497070	72.991
9322.566406	74.158
9390.121094	75.494
9458.166016	76.746
9526.704102	77.897
9595.738281	78.976
9665.273438	80.009
9735.311523	81.022
9805.857422	82.037
9876.915039	83.065
9948.487305	84.123
10020.578125	85.239
10093.191406	86.423
10166.331055	87.657
10240.000000	88.908
10314.203125	90.136
10388.944336	91.267
10464.226562	92.161
10540.054688	92.639
10616.432617	92.574
10693.363281	91.965
10770.852539	90.919
10848.902344	89.596
10927.517578	88.147
11006.703125	86.702
11086.461914	85.338
11166.798828	84.099
11247.718750	83.057
11329.223633	82.332
11411.320312	82.028
11494.011719	82.193
11577.301758	82.806
11661.195312	83.741
11745.697266	84.802
11830.811523	85.826
11916.542969	86.750
12002.894531	87.575
12089.873047	88.320
12177.480469	89.006
12265.723633	89.669
12354.606445	90.358
12444.132812	91.105
12534.308594	91.907
12625.136719	92.724
12716.624023	93.469
12808.773438	93.977
12901.591797	94.013
12995.082031	93.353
13089.250000	91.881
13184.099609	89.602
13279.636719	86.555
13375.867188	82.875
13472.793945	79.581
13570.422852	79.380
13668.759766	81.411
13767.809570	83.416
13867.577148	84.992
13968.067383	86.206
14069.285156	87.185
14171.237305	88.049
14273.927734	88.868
14377.362305	89.645
14481.546875	90.313
14586.486328	90.737
14692.185547	90.813
14798.651367	90.578
14905.888672	90.248
15013.902344	90.101
15122.700195	90.251
15232.285156	90.570
15342.664062	90.850
15453.843750	90.943
15565.829102	90.775
15678.625000	90.347
15792.239258	89.726
15906.675781	89.071
16021.942383	88.663
16138.043945	88.846
16254.986328	89.744
16372.777344	91.064
16491.421875	92.296
16610.923828	93.039
16731.294922	93.160
16852.535156	92.796
16974.656250	92.242
17097.662109	91.771
17221.558594	91.497
17346.353516	91.374
17472.052734	91.272
17598.662109	91.064
17726.189453	90.664
17854.640625	90.037
17984.021484	89.174
18114.341797	88.046
18245.605469	86.583
18377.820312	84.771
18510.994141	82.865
18645.132812	81.630
18780.242188	81.894
18916.332031	83.408
19053.408203	85.365
19191.476562	87.284
19330.546875	88.946
19470.623047	90.217
19611.714844	90.999
19753.830078	91.271
19896.974609	91.173
