20.290907	87.895
20.437943	87.950
20.586044	88.008
20.735220	88.068
20.885475	88.128
21.036821	88.188
21.189262	88.247
21.342808	88.307
21.497467	88.367
21.653246	88.427
21.810154	88.487
21.968201	88.547
22.127390	88.607
22.287735	88.667
22.449242	88.727
22.611917	88.786
22.775772	88.845
22.940815	88.904
23.107054	88.963
23.274498	89.022
23.443153	89.081
23.613033	89.140
23.784142	89.199
23.956491	89.257
24.130091	89.315
24.304947	89.373
24.481071	89.429
24.658470	89.485
24.837156	89.540
25.017136	89.595
25.198421	89.649
25.381020	89.702
25.564941	89.755
25.750195	89.809
25.936790	89.862
26.124741	89.916
26.314051	89.970
26.504732	90.024
26.696796	90.078
26.890253	90.132
27.085112	90.185
27.281382	90.238
27.479073	90.290
27.678198	90.342
27.878765	90.393
28.080786	90.443
28.284271	90.493
28.489231	90.543
28.695675	90.592
28.903616	90.641
29.113064	90.691
29.324028	90.740
29.536524	90.790
29.750557	90.839
29.966141	90.889
30.183289	90.938
30.402010	90.986
30.622314	91.034
30.844217	91.082
31.067726	91.129
31.292856	91.177
31.519617	91.224
31.748020	91.271
31.978081	91.318
32.209808	91.365
32.443211	91.411
32.678310	91.457
32.915108	91.503
33.153625	91.548
33.393871	91.592
33.635857	91.636
33.879597	91.680
34.125103	91.724
34.372387	91.767
34.621464	91.809
34.872345	91.850
35.125042	91.890
35.379574	91.929
35.635948	91.968
35.894180	92.007
36.154285	92.047
36.416275	92.087
36.680161	92.128
36.945961	92.171
37.213688	92.213
37.483353	92.256
37.754974	92.298
38.028561	92.339
38.304131	92.379
38.581699	92.419
38.861279	92.459
39.142883	92.499
39.426529	92.540
39.712231	92.582
40.000000	92.623
40.289856	92.663
40.581814	92.703
40.875885	92.741
41.172089	92.778
41.470440	92.814
41.770950	92.849
42.073643	92.885
42.378525	92.920
42.685616	92.955
42.994934	92.989
43.306492	93.022
43.620308	93.053
43.936401	93.083
44.254780	93.109
44.575470	93.133
44.898483	93.154
45.223835	93.175
45.551544	93.196
45.881630	93.220
46.214108	93.249
46.548996	93.282
46.886307	93.320
47.226067	93.362
47.568283	93.405
47.912983	93.449
48.260181	93.491
48.609894	93.530
48.962143	93.567
49.316940	93.600
49.674313	93.631
50.034271	93.660
50.396843	93.684
50.762039	93.707
51.129883	93.729
51.500389	93.750
51.873581	93.771
52.249481	93.792
52.628101	93.815
53.009464	93.841
53.393593	93.867
53.780506	93.893
54.170223	93.917
54.562763	93.940
54.958145	93.961
55.356396	93.982
55.757530	94.004
56.161572	94.025
56.568542	94.045
56.978462	94.064
57.391350	94.082
57.807232	94.100
58.226128	94.119
58.648056	94.136
59.073048	94.153
59.501114	94.168
59.932281	94.181
60.366577	94.194
60.804020	94.206
61.244629	94.216
61.688435	94.224
62.135452	94.232
62.585712	94.240
63.039234	94.249
63.496040	94.260
63.956161	94.271
64.419617	94.282
64.886421	94.296
65.356621	94.312
65.830215	94.330
66.307251	94.350
66.787743	94.371
67.271713	94.394
67.759193	94.416
68.250206	94.438
68.744774	94.458
69.242928	94.476
69.744690	94.493
70.250084	94.509
70.759148	94.524
71.271896	94.536
71.788361	94.546
72.308571	94.553
72.832550	94.558
73.360321	94.562
73.891922	94.563
74.427376	94.561
74.966705	94.557
75.509949	94.551
76.057121	94.544
76.608261	94.534
77.163399	94.521
77.722557	94.505
78.285767	94.488
78.853058	94.470
79.424461	94.454
80.000000	94.441
80.579712	94.432
81.163628	94.431
81.751770	94.437
82.344177	94.449
82.940880	94.463
83.541901	94.476
84.147285	94.486
84.757050	94.490
85.371231	94.486
85.989868	94.475
86.612984	94.458
87.240616	94.436
87.872803	94.409
88.509560	94.375
89.150940	94.333
89.796967	94.281
90.447670	94.223
91.103088	94.164
91.763260	94.112
92.428215	94.077
93.097992	94.063
93.772614	94.072
94.452133	94.098
95.136566	94.134
95.825966	94.170
96.520363	94.202
97.219788	94.226
97.924286	94.241
98.633881	94.250
99.348625	94.259
100.068542	94.273
100.793686	94.297
101.524078	94.331
102.259766	94.372
103.000778	94.419
103.747162	94.467
104.498962	94.515
105.256203	94.560
106.018929	94.600
106.787186	94.636
107.561012	94.668
108.340446	94.696
109.125526	94.720
109.916290	94.740
110.712791	94.757
111.515060	94.772
112.323143	94.783
113.137085	94.793
113.956924	94.800
114.782700	94.806
115.614464	94.809
116.452255	94.812
117.296112	94.812
118.146095	94.811
119.002228	94.809
119.864563	94.807
120.733154	94.805
121.608040	94.805
122.489258	94.806
123.376869	94.809
124.270905	94.814
125.171425	94.822
126.078468	94.833
126.992081	94.848
127.912323	94.865
128.839233	94.883
129.772842	94.901
130.713242	94.917
131.660431	94.933
132.614502	94.947
133.575485	94.961
134.543427	94.974
135.518387	94.986
136.500412	94.996
137.489548	95.006
138.485855	95.014
139.489380	95.023
140.500168	95.032
141.518295	95.039
142.543793	95.046
143.576721	95.052
144.617142	95.058
145.665100	95.064
146.720642	95.069
147.783844	95.074
148.854752	95.079
149.933411	95.083
151.019897	95.087
152.114243	95.091
153.216522	95.094
154.326797	95.097
155.445114	95.100
156.571533	95.102
157.706116	95.104
158.848923	95.106
160.000000	95.105
161.159424	95.101
162.327255	95.095
163.503540	95.088
164.688354	95.081
165.881760	95.074
167.083801	95.067
168.294571	95.060
169.514099	95.053
170.742462	95.046
171.979736	95.037
173.225967	95.029
174.481232	95.020
175.745605	95.010
177.019119	95.000
178.301880	94.990
179.593933	94.979
180.895340	94.967
182.206177	94.954
183.526520	94.940
184.856430	94.924
186.195984	94.906
187.545227	94.887
188.904266	94.868
190.273132	94.852
191.651932	94.839
193.040726	94.829
194.439575	94.822
195.848572	94.816
197.267761	94.810
198.697250	94.804
200.137085	94.797
201.587372	94.791
203.048157	94.784
204.519531	94.776
206.001556	94.768
207.494324	94.758
208.997925	94.747
210.512405	94.734
212.037857	94.721
213.574371	94.706
215.122025	94.689
216.680893	94.671
218.251053	94.652
219.832581	94.631
221.425583	94.609
223.030121	94.586
224.646286	94.563
226.274170	94.540
227.913849	94.519
229.565399	94.500
231.228928	94.486
232.904510	94.477
234.592224	94.471
236.292191	94.469
238.004456	94.469
239.729126	94.470
241.466309	94.472
243.216080	94.475
244.978516	94.477
246.753738	94.478
248.541809	94.479
250.342850	94.478
252.156937	94.475
253.984161	94.471
255.824646	94.466
257.678467	94.460
259.545685	94.455
261.426483	94.448
263.320862	94.441
265.229004	94.433
267.150970	94.425
269.086853	94.416
271.036774	94.405
273.000824	94.393
274.979095	94.380
276.971710	94.367
278.978760	94.353
281.000336	94.340
283.036591	94.329
285.087585	94.319
287.153442	94.310
289.234283	94.300
291.330200	94.291
293.441284	94.282
295.567688	94.271
297.709503	94.261
299.866821	94.250
302.039795	94.239
304.228485	94.228
306.433044	94.217
308.653595	94.207
310.890228	94.199
313.143066	94.192
315.412231	94.188
317.697845	94.186
320.000000	94.185
322.318848	94.183
324.654510	94.180
327.007080	94.178
329.376709	94.175
331.763519	94.173
334.167603	94.171
336.589142	94.168
339.028198	94.166
341.484924	94.165
343.959473	94.164
346.451935	94.164
348.962463	94.164
351.491211	94.164
354.038239	94.165
356.603760	94.166
359.187866	94.167
361.790680	94.168
364.412354	94.170
367.053040	94.173
369.712860	94.177
372.391968	94.181
375.090454	94.185
377.808533	94.188
380.546265	94.191
383.303864	94.193
386.081451	94.195
388.879150	94.198
391.697144	94.202
394.535522	94.207
397.394501	94.212
400.274170	94.217
403.174744	94.221
406.096313	94.226
409.039062	94.231
412.003113	94.236
414.988647	94.240
417.995850	94.244
421.024811	94.249
424.075714	94.253
427.148743	94.257
430.244049	94.260
433.361786	94.264
436.502106	94.268
439.665161	94.270
442.851166	94.271
446.060242	94.273
449.292572	94.277
452.548340	94.282
455.827698	94.287
459.130798	94.292
462.457855	94.296
465.809021	94.299
469.184448	94.302
472.584381	94.304
476.008911	94.308
479.458252	94.314
482.932617	94.322
486.432159	94.331
489.957031	94.340
493.507477	94.347
497.083618	94.355
500.685699	94.362
504.313873	94.370
507.968323	94.378
511.649292	94.384
515.356934	94.390
519.091370	94.396
522.852966	94.402
526.641724	94.409
530.458008	94.415
534.301941	94.420
538.173706	94.425
542.073547	94.434
546.001648	94.445
549.958191	94.459
553.943420	94.476
557.957520	94.497
562.000671	94.519
566.073181	94.542
570.175171	94.565
574.306885	94.589
578.468567	94.613
582.660400	94.636
586.882568	94.659
591.135376	94.682
595.419006	94.705
599.733643	94.725
604.079590	94.743
608.456970	94.761
612.866089	94.779
617.307190	94.796
621.780457	94.816
626.286133	94.842
630.824463	94.874
635.395691	94.910
640.000000	94.949
644.637695	94.990
649.309021	95.030
654.014160	95.066
658.753418	95.101
663.527039	95.136
668.335205	95.170
673.178284	95.205
678.056396	95.242
682.969849	95.279
687.918945	95.317
692.903870	95.357
697.924927	95.396
702.982422	95.432
708.076477	95.467
713.207520	95.502
718.375732	95.537
723.581360	95.575
728.824707	95.616
734.106079	95.657
739.425720	95.695
744.783936	95.729
750.180908	95.763
755.617065	95.801
761.092529	95.847
766.607727	95.897
772.162903	95.944
777.758301	95.983
783.394287	96.017
789.071045	96.052
794.789001	96.088
800.548340	96.126
806.349487	96.163
812.192627	96.189
818.078125	96.196
824.006226	96.185
829.977295	96.162
835.991699	96.132
842.049622	96.098
848.151428	96.059
854.297485	96.015
860.488098	95.967
866.723572	95.924
873.004211	95.898
879.330322	95.893
885.702332	95.907
892.120483	95.931
898.585144	95.957
905.096680	95.983
911.655396	96.009
918.261597	96.035
924.915710	96.065
931.618042	96.100
938.368896	96.142
945.168762	96.192
952.017822	96.249
958.916504	96.305
965.865234	96.356
972.864319	96.411
979.914062	96.469
987.014954	96.525
994.167236	96.578
1001.371399	96.623
1008.627747	96.656
1015.936646	96.683
1023.298584	96.717
1030.713867	96.760
1038.182739	96.800
1045.705933	96.826
1053.283447	96.844
1060.916016	96.864
1068.603882	96.891
1076.347412	96.913
1084.147095	96.938
1092.003296	96.979
1099.916382	97.025
1107.886841	97.064
1115.915039	97.105
1124.001343	97.156
1132.146362	97.217
1140.350342	97.274
1148.613770	97.319
1156.937134	97.357
1165.320801	97.395
1173.765137	97.428
1182.270752	97.457
1190.838013	97.477
1199.467285	97.485
1208.159180	97.487
1216.913940	97.495
1225.732178	97.510
1234.614380	97.533
1243.560913	97.570
1252.572266	97.614
1261.648926	97.661
1270.791382	97.719
1280.000000	97.782
1289.275391	97.842
1298.618042	97.894
1308.028320	97.944
1317.506836	97.996
1327.054077	98.048
1336.670410	98.085
1346.356567	98.108
1356.112793	98.146
1365.939697	98.195
1375.837891	98.240
1385.807739	98.296
1395.849854	98.357
1405.964844	98.406
1416.152954	98.449
1426.415039	98.504
1436.751465	98.553
1447.162720	98.588
1457.649414	98.610
1468.212158	98.630
1478.851440	98.683
1489.567871	98.757
1500.361816	98.806
1511.234131	98.819
1522.185059	98.822
1533.215454	98.823
1544.325806	98.833
1555.516602	98.860
1566.788574	98.904
1578.142090	98.974
1589.578003	99.027
1601.096680	99.070
1612.698975	99.139
1624.385254	99.195
1636.156250	99.230
1648.012451	99.269
1659.954590	99.297
1671.983398	99.323
1684.099243	99.386
1696.302856	99.474
1708.594971	99.565
1720.976196	99.645
1733.447144	99.709
1746.008423	99.762
1758.660645	99.806
1771.404663	99.825
1784.240967	99.846
1797.170288	99.886
1810.193359	99.935
1823.310791	100.003
1836.523193	100.073
1849.831421	100.131
1863.236084	100.186
1876.737793	100.249
1890.337524	100.309
1904.035645	100.348
1917.833008	100.357
1931.730469	100.330
1945.728638	100.306
1959.828125	100.329
1974.029907	100.397
1988.334473	100.496
2002.742798	100.622
2017.255493	100.766
2031.873291	100.876
2046.597168	100.913
2061.427734	100.935
2076.365479	100.965
2091.411865	100.988
2106.566895	101.047
2121.832031	101.141
2137.207764	101.228
2152.694824	101.321
2168.294189	101.406
2184.006592	101.463
2199.832764	101.482
2215.773682	101.462
2231.830078	101.493
2248.002686	101.600
2264.292725	101.742
2280.700684	101.892
2297.227539	102.033
2313.874268	102.136
2330.641602	102.207
2347.530273	102.266
2364.541504	102.342
2381.676025	102.464
2398.934570	102.641
2416.318359	102.847
2433.827881	103.025
2451.464355	103.164
2469.228760	103.281
2487.121826	103.392
2505.144531	103.477
2523.297852	103.562
2541.582764	103.716
2560.000000	103.944
2578.550781	104.190
2597.236084	104.386
2616.056641	104.515
2635.013672	104.608
2654.108154	104.719
2673.340820	104.854
2692.713135	105.013
2712.225586	105.204
2731.879395	105.417
2751.675781	105.610
2771.615479	105.763
2791.699707	105.888
2811.929688	106.009
2832.305908	106.135
2852.830078	106.256
2873.502930	106.374
2894.325439	106.498
2915.298828	106.630
2936.424316	106.760
2957.702881	106.863
2979.135742	106.959
3000.723633	107.076
3022.468262	107.209
3044.370117	107.320
3066.430908	107.393
3088.651611	107.446
3111.033203	107.494
3133.577148	107.536
3156.284180	107.583
3179.156006	107.660
3202.193359	107.749
3225.397949	107.800
3248.770508	107.805
3272.312500	107.809
3296.024902	107.823
3319.909180	107.822
3343.966797	107.816
3368.198486	107.833
3392.605713	107.862
3417.189941	107.865
3441.952393	107.836
3466.894287	107.801
3492.016846	107.778
3517.321289	107.769
3542.809326	107.750
3568.481934	107.702
3594.340576	107.619
3620.386719	107.506
3646.621582	107.390
3673.046387	107.287
3699.662842	107.180
3726.472168	107.060
3753.475586	106.919
3780.675049	106.755
3808.071289	106.593
3835.666016	106.454
3863.460938	106.309
3891.457275	106.123
3919.656250	105.912
3948.059814	105.703
3976.668945	105.499
4005.485596	105.288
4034.510986	105.074
4063.746582	104.863
4093.194336	104.649
4122.855469	104.432
4152.730957	104.210
4182.823730	103.969
4213.133789	103.719
4243.664062	103.501
4274.415527	103.346
4305.389648	103.241
4336.588379	103.171
4368.013184	103.131
4399.665527	103.139
4431.547363	103.220
4463.660156	103.360
4496.005371	103.503
4528.585449	103.645
4561.401367	103.828
4594.455078	104.037
4627.748535	104.217
4661.283203	104.357
4695.060547	104.469
4729.083008	104.557
4763.352051	104.614
4797.869141	104.657
4832.636719	104.704
4867.655762	104.757
4902.928711	104.808
4938.457520	104.858
4974.243652	104.906
5010.289062	104.962
5046.595703	105.035
5083.165527	105.134
5120.000000	105.242
5157.101562	105.342
5194.472168	105.441
5232.113281	105.540
5270.027344	105.635
5308.216309	105.720
5346.681641	105.777
5385.426270	105.795
5424.451172	105.776
5463.758789	105.723
5503.351562	105.628
5543.230957	105.498
5583.399414	105.341
5623.859375	105.159
5664.611816	104.955
5705.660156	104.727
5747.005859	104.480
5788.650879	104.219
5830.597656	103.929
5872.848633	103.614
5915.405762	103.269
5958.271484	102.868
6001.447266	102.402
6044.936523	101.895
6088.740234	101.378
6132.861816	100.859
6177.303223	100.329
6222.066406	99.796
6267.154297	99.301
6312.568359	98.859
6358.312012	98.448
6404.386719	98.066
6450.795898	97.732
6497.541016	97.443
6544.625000	97.180
6592.049805	96.944
6639.818359	96.738
6687.933594	96.544
6736.396973	96.361
6785.211426	96.193
6834.379883	96.038
6883.904785	95.885
6933.788574	95.748
6984.033691	95.638
7034.642578	95.548
7085.618652	95.484
7136.963867	95.461
7188.681152	95.473
7240.773438	95.510
7293.243164	95.576
7346.092773	95.674
7399.325684	95.805
7452.944336	95.966
7506.951172	96.156
7561.350098	96.367
7616.142578	96.599
7671.332031	96.865
7726.921875	97.158
7782.914551	97.478
7839.312500	97.831
7896.119629	98.213
7953.337891	98.626
8010.971191	99.080
8069.021973	99.572
8127.493164	100.093
8186.388672	100.631
8245.710938	101.157
8305.461914	101.612
8365.647461	101.910
8426.267578	101.941
8487.328125	101.609
8548.831055	100.876
8610.779297	99.785
8673.176758	98.434
8736.026367	96.930
8799.331055	95.354
8863.094727	93.756
8927.320312	92.168
8992.010742	90.616
9057.170898	89.116
9122.802734	87.692
9188.910156	86.355
9255.497070	85.105
9322.566406	83.975
9390.121094	83.031
9458.166016	82.344
9526.704102	81.980
9595.738281	81.952
9665.273438	82.237
9735.311523	82.799
9805.857422	83.570
9876.915039	84.472
9948.487305	85.440
10020.578125	86.444
10093.191406	87.464
10166.331055	88.448
10240.000000	89.338
10314.203125	90.108
10388.944336	90.752
10464.226562	91.274
10540.054688	91.664
10616.432617	91.929
10693.363281	92.083
10770.852539	92.133
10848.902344	92.079
10927.517578	91.923
11006.703125	91.678
11086.461914	91.358
11166.798828	90.983
11247.718750	90.592
11329.223633	90.227
11411.320312	89.922
11494.011719	89.707
11577.301758	89.581
11661.195312	89.508
11745.697266	89.424
11830.811523	89.243
11916.542969	88.859
12002.894531	88.140
12089.873047	86.947
12177.480469	85.121
12265.723633	82.676
12354.606445	81.012
12444.132812	82.986
12534.308594	86.502
12625.136719	89.529
12716.624023	91.855
12808.773438	93.543
12901.591797	94.599
12995.082031	94.976
13089.250000	94.668
13184.099609	93.774
13279.636719	92.426
13375.867188	90.744
13472.793945	88.832
13570.422852	86.757
13668.759766	84.545
13767.809570	82.202
13867.577148	79.807
13968.067383	77.614
14069.285156	76.042
14171.237305	75.379
14273.927734	75.605
14377.362305	76.564
14481.546875	78.061
14586.486328	79.820
14692.185547	81.573
14798.651367	83.090
14905.888672	84.280
15013.902344	85.169
15122.700195	85.862
15232.285156	86.491
15342.664062	87.113
15453.843750	87.715
15565.829102	88.279
15678.625000	88.807
15792.239258	89.327
15906.675781	89.902
16021.942383	90.616
16138.043945	91.504
16254.986328	92.463
16372.777344	93.284
16491.421875	93.770
16610.923828	93.837
16731.294922	93.546
16852.535156	93.049
16974.656250	92.502
17097.662109	91.992
17221.558594	91.522
17346.353516	91.050
17472.052734	90.509
17598.662109	89.839
17726.189453	89.008
17854.640625	88.029
17984.021484	86.967
18114.341797	85.875
18245.605469	84.736
18377.820312	83.488
18510.994141	82.177
18645.132812	81.279
18780.242188	81.680
18916.332031	83.487
19053.408203	85.937
19191.476562	88.489
19330.546875	90.856
19470.623047	92.754
19611.714844	93.933
19753.830078	94.331
19896.974609	94.194
