20.290907	87.887
20.437943	87.941
20.586044	87.997
20.735220	88.056
20.885475	88.115
21.036821	88.174
21.189262	88.234
21.342808	88.294
21.497467	88.354
21.653246	88.414
21.810154	88.475
21.968201	88.535
22.127390	88.595
22.287735	88.654
22.449242	88.713
22.611917	88.771
22.775772	88.829
22.940815	88.887
23.107054	88.945
23.274498	89.004
23.443153	89.062
23.613033	89.121
23.784142	89.180
23.956491	89.239
24.130091	89.298
24.304947	89.356
24.481071	89.413
24.658470	89.470
24.837156	89.525
25.017136	89.580
25.198421	89.633
25.381020	89.686
25.564941	89.739
25.750195	89.791
25.936790	89.843
26.124741	89.896
26.314051	89.948
26.504732	90.001
26.696796	90.054
26.890253	90.106
27.085112	90.159
27.281382	90.211
27.479073	90.263
27.678198	90.314
27.878765	90.365
28.080786	90.415
28.284271	90.465
28.489231	90.515
28.695675	90.565
28.903616	90.614
29.113064	90.663
29.324028	90.713
29.536524	90.762
29.750557	90.811
29.966141	90.860
30.183289	90.909
30.402010	90.957
30.622314	91.005
30.844217	91.052
31.067726	91.099
31.292856	91.145
31.519617	91.191
31.748020	91.238
31.978081	91.284
32.209808	91.330
32.443211	91.376
32.678310	91.422
32.915108	91.467
33.153625	91.512
33.393871	91.556
33.635857	91.600
33.879597	91.643
34.125103	91.686
34.372387	91.729
34.621464	91.772
34.872345	91.813
35.125042	91.853
35.379574	91.892
35.635948	91.930
35.894180	91.967
36.154285	92.004
36.416275	92.042
36.680161	92.081
36.945961	92.122
37.213688	92.163
37.483353	92.206
37.754974	92.248
38.028561	92.291
38.304131	92.332
38.581699	92.373
38.861279	92.413
39.142883	92.452
39.426529	92.492
39.712231	92.531
40.000000	92.571
40.289856	92.610
40.581814	92.649
40.875885	92.688
41.172089	92.725
41.470440	92.762
41.770950	92.799
42.073643	92.835
42.378525	92.870
42.685616	92.902
42.994934	92.933
43.306492	92.962
43.620308	92.989
43.936401	93.016
44.254780	93.043
44.575470	93.069
44.898483	93.095
45.223835	93.119
45.551544	93.141
45.881630	93.162
46.214108	93.185
46.548996	93.213
46.886307	93.247
47.226067	93.287
47.568283	93.330
47.912983	93.372
48.260181	93.411
48.609894	93.447
48.962143	93.481
49.316940	93.515
49.674313	93.550
50.034271	93.585
50.396843	93.618
50.762039	93.647
51.129883	93.672
51.500389	93.693
51.873581	93.712
52.249481	93.730
52.628101	93.749
53.009464	93.769
53.393593	93.791
53.780506	93.815
54.170223	93.838
54.562763	93.862
54.958145	93.885
55.356396	93.907
55.757530	93.929
56.161572	93.951
56.568542	93.972
56.978462	93.992
57.391350	94.011
57.807232	94.030
58.226128	94.048
58.648056	94.065
59.073048	94.081
59.501114	94.096
59.932281	94.110
60.366577	94.123
60.804020	94.136
61.244629	94.149
61.688435	94.162
62.135452	94.173
62.585712	94.182
63.039234	94.192
63.496040	94.202
63.956161	94.214
64.419617	94.227
64.886421	94.240
65.356621	94.255
65.830215	94.270
66.307251	94.287
66.787743	94.305
67.271713	94.325
67.759193	94.345
68.250206	94.366
68.744774	94.385
69.242928	94.405
69.744690	94.424
70.250084	94.443
70.759148	94.460
71.271896	94.476
71.788361	94.489
72.308571	94.501
72.832550	94.512
73.360321	94.522
73.891922	94.529
74.427376	94.534
74.966705	94.535
75.509949	94.533
76.057121	94.528
76.608261	94.520
77.163399	94.510
77.722557	94.496
78.285767	94.479
78.853058	94.460
79.424461	94.437
80.000000	94.411
80.579712	94.383
81.163628	94.354
81.751770	94.326
82.344177	94.301
82.940880	94.283
83.541901	94.272
84.147285	94.267
84.757050	94.267
85.371231	94.266
85.989868	94.264
86.612984	94.257
87.240616	94.245
87.872803	94.229
88.509560	94.210
89.150940	94.185
89.796967	94.155
90.447670	94.117
91.103088	94.075
91.763260	94.034
92.428215	94.002
93.097992	93.981
93.772614	93.975
94.452133	93.982
95.136566	93.996
95.825966	94.011
96.520363	94.023
97.219788	94.029
97.924286	94.031
98.633881	94.032
99.348625	94.037
100.068542	94.050
100.793686	94.071
101.524078	94.101
102.259766	94.138
103.000778	94.178
103.747162	94.222
104.498962	94.270
105.256203	94.318
106.018929	94.365
106.787186	94.410
107.561012	94.451
108.340446	94.487
109.125526	94.519
109.916290	94.546
110.712791	94.568
111.515060	94.588
112.323143	94.605
113.137085	94.619
113.956924	94.630
114.782700	94.640
115.614464	94.647
116.452255	94.654
117.296112	94.658
118.146095	94.661
119.002228	94.663
119.864563	94.664
120.733154	94.665
121.608040	94.666
122.489258	94.668
123.376869	94.670
124.270905	94.674
125.171425	94.681
126.078468	94.692
126.992081	94.707
127.912323	94.723
128.839233	94.740
129.772842	94.756
130.713242	94.771
131.660431	94.786
132.614502	94.800
133.575485	94.813
134.543427	94.825
135.518387	94.836
136.500412	94.846
137.489548	94.855
138.485855	94.864
139.489380	94.873
140.500168	94.882
141.518295	94.889
142.543793	94.896
143.576721	94.902
144.617142	94.909
145.665100	94.915
146.720642	94.920
147.783844	94.925
148.854752	94.930
149.933411	94.934
151.019897	94.939
152.114243	94.943
153.216522	94.946
154.326797	94.950
155.445114	94.953
156.571533	94.957
157.706116	94.960
158.848923	94.962
160.000000	94.962
161.159424	94.958
162.327255	94.953
163.503540	94.947
164.688354	94.941
165.881760	94.935
167.083801	94.928
168.294571	94.922
169.514099	94.915
170.742462	94.909
171.979736	94.902
173.225967	94.894
174.481232	94.887
175.745605	94.879
177.019119	94.871
178.301880	94.863
179.593933	94.855
180.895340	94.846
182.206177	94.837
183.526520	94.827
184.856430	94.816
186.195984	94.803
187.545227	94.789
188.904266	94.774
190.273132	94.758
191.651932	94.744
193.040726	94.730
194.439575	94.719
195.848572	94.710
197.267761	94.703
198.697250	94.696
200.137085	94.691
201.587372	94.686
203.048157	94.681
204.519531	94.675
206.001556	94.670
207.494324	94.663
208.997925	94.656
210.512405	94.647
212.037857	94.638
213.574371	94.627
215.122025	94.615
216.680893	94.601
218.251053	94.586
219.832581	94.570
221.425583	94.552
223.030121	94.533
224.646286	94.513
226.274170	94.493
227.913849	94.474
229.565399	94.458
231.228928	94.444
232.904510	94.434
234.592224	94.428
236.292191	94.425
238.004456	94.425
239.729126	94.425
241.466309	94.426
243.216080	94.427
244.978516	94.426
246.753738	94.425
248.541809	94.424
250.342850	94.420
252.156937	94.414
253.984161	94.405
255.824646	94.396
257.678467	94.386
259.545685	94.376
261.426483	94.366
263.320862	94.355
265.229004	94.343
267.150970	94.332
269.086853	94.321
271.036774	94.309
273.000824	94.296
274.979095	94.284
276.971710	94.270
278.978760	94.256
281.000336	94.242
283.036591	94.227
285.087585	94.213
287.153442	94.201
289.234283	94.191
291.330200	94.183
293.441284	94.175
295.567688	94.169
297.709503	94.162
299.866821	94.155
302.039795	94.148
304.228485	94.141
306.433044	94.133
308.653595	94.127
310.890228	94.121
313.143066	94.116
315.412231	94.114
317.697845	94.115
320.000000	94.118
322.318848	94.122
324.654510	94.125
327.007080	94.128
329.376709	94.130
331.763519	94.132
334.167603	94.134
336.589142	94.135
339.028198	94.137
341.484924	94.139
343.959473	94.142
346.451935	94.145
348.962463	94.149
351.491211	94.153
354.038239	94.156
356.603760	94.160
359.187866	94.163
361.790680	94.167
364.412354	94.172
367.053040	94.178
369.712860	94.183
372.391968	94.188
375.090454	94.193
377.808533	94.197
380.546265	94.200
383.303864	94.204
386.081451	94.207
388.879150	94.210
391.697144	94.215
394.535522	94.220
397.394501	94.225
400.274170	94.231
403.174744	94.237
406.096313	94.242
409.039062	94.248
412.003113	94.253
414.988647	94.258
417.995850	94.264
421.024811	94.270
424.075714	94.276
427.148743	94.280
430.244049	94.282
433.361786	94.285
436.502106	94.288
439.665161	94.289
442.851166	94.290
446.060242	94.292
449.292572	94.296
452.548340	94.303
455.827698	94.309
459.130798	94.314
462.457855	94.317
465.809021	94.318
469.184448	94.317
472.584381	94.316
476.008911	94.315
479.458252	94.316
482.932617	94.321
486.432159	94.327
489.957031	94.335
493.507477	94.343
497.083618	94.351
500.685699	94.360
504.313873	94.369
507.968323	94.379
511.649292	94.388
515.356934	94.397
519.091370	94.407
522.852966	94.419
526.641724	94.432
530.458008	94.447
534.301941	94.462
538.173706	94.477
542.073547	94.493
546.001648	94.510
549.958191	94.527
553.943420	94.544
557.957520	94.559
562.000671	94.573
566.073181	94.587
570.175171	94.598
574.306885	94.609
578.468567	94.618
582.660400	94.628
586.882568	94.637
591.135376	94.649
595.419006	94.661
599.733643	94.673
604.079590	94.685
608.456970	94.700
612.866089	94.721
617.307190	94.744
621.780457	94.773
626.286133	94.808
630.824463	94.849
635.395691	94.892
640.000000	94.939
644.637695	94.989
649.309021	95.038
654.014160	95.084
658.753418	95.126
663.527039	95.164
668.335205	95.202
673.178284	95.239
678.056396	95.278
682.969849	95.317
687.918945	95.356
692.903870	95.397
697.924927	95.438
702.982422	95.475
708.076477	95.510
713.207520	95.544
718.375732	95.577
723.581360	95.612
728.824707	95.651
734.106079	95.692
739.425720	95.731
744.783936	95.768
750.180908	95.803
755.617065	95.839
761.092529	95.878
766.607727	95.919
772.162903	95.959
777.758301	95.995
783.394287	96.026
789.071045	96.058
794.789001	96.092
800.548340	96.127
806.349487	96.160
812.192627	96.184
818.078125	96.194
824.006226	96.191
829.977295	96.172
835.991699	96.142
842.049622	96.108
848.151428	96.072
854.297485	96.031
860.488098	95.987
866.723572	95.952
873.004211	95.935
879.330322	95.938
885.702332	95.957
892.120483	95.984
898.585144	96.014
905.096680	96.043
911.655396	96.069
918.261597	96.096
924.915710	96.124
931.618042	96.152
938.368896	96.184
945.168762	96.225
952.017822	96.274
958.916504	96.323
965.865234	96.369
972.864319	96.419
979.914062	96.479
987.014954	96.547
994.167236	96.616
1001.371399	96.676
1008.627747	96.724
1015.936646	96.763
1023.298584	96.802
1030.713867	96.847
1038.182739	96.893
1045.705933	96.929
1053.283447	96.957
1060.916016	96.986
1068.603882	97.024
1076.347412	97.063
1084.147095	97.103
1092.003296	97.150
1099.916382	97.194
1107.886841	97.230
1115.915039	97.263
1124.001343	97.297
1132.146362	97.340
1140.350342	97.387
1148.613770	97.427
1156.937134	97.458
1165.320801	97.487
1173.765137	97.511
1182.270752	97.533
1190.838013	97.560
1199.467285	97.590
1208.159180	97.620
1216.913940	97.636
1225.732178	97.648
1234.614380	97.679
1243.560913	97.726
1252.572266	97.772
1261.648926	97.810
1270.791382	97.853
1280.000000	97.900
1289.275391	97.939
1298.618042	97.973
1308.028320	98.014
1317.506836	98.054
1327.054077	98.084
1336.670410	98.098
1346.356567	98.110
1356.112793	98.141
1365.939697	98.190
1375.837891	98.247
1385.807739	98.311
1395.849854	98.384
1405.964844	98.446
1416.152954	98.489
1426.415039	98.535
1436.751465	98.585
1447.162720	98.630
1457.649414	98.683
1468.212158	98.742
1478.851440	98.784
1489.567871	98.821
1500.361816	98.859
1511.234131	98.873
1522.185059	98.869
1533.215454	98.888
1544.325806	98.933
1555.516602	98.987
1566.788574	99.043
1578.142090	99.103
1589.578003	99.165
1601.096680	99.219
1612.698975	99.278
1624.385254	99.323
1636.156250	99.341
1648.012451	99.376
1659.954590	99.427
1671.983398	99.484
1684.099243	99.567
1696.302856	99.664
1708.594971	99.755
1720.976196	99.829
1733.447144	99.885
1746.008423	99.925
1758.660645	99.938
1771.404663	99.927
1784.240967	99.927
1797.170288	99.967
1810.193359	100.048
1823.310791	100.155
1836.523193	100.257
1849.831421	100.331
1863.236084	100.384
1876.737793	100.423
1890.337524	100.453
1904.035645	100.496
1917.833008	100.548
1931.730469	100.601
1945.728638	100.655
1959.828125	100.723
1974.029907	100.816
1988.334473	100.907
2002.742798	100.986
2017.255493	101.061
2031.873291	101.105
2046.597168	101.091
2061.427734	101.072
2076.365479	101.087
2091.411865	101.143
2106.566895	101.263
2121.832031	101.402
2137.207764	101.483
2152.694824	101.516
2168.294189	101.537
2184.006592	101.568
2199.832764	101.619
2215.773682	101.679
2231.830078	101.765
2248.002686	101.891
2264.292725	102.018
2280.700684	102.120
2297.227539	102.215
2313.874268	102.280
2330.641602	102.316
2347.530273	102.378
2364.541504	102.501
2381.676025	102.674
2398.934570	102.857
2416.318359	103.020
2433.827881	103.142
2451.464355	103.240
2469.228760	103.349
2487.121826	103.485
2505.144531	103.630
2523.297852	103.798
2541.582764	104.004
2560.000000	104.223
2578.550781	104.418
2597.236084	104.558
2616.056641	104.659
2635.013672	104.771
2654.108154	104.924
2673.340820	105.101
2692.713135	105.274
2712.225586	105.441
2731.879395	105.616
2751.675781	105.769
2771.615479	105.869
2791.699707	105.936
2811.929688	106.027
2832.305908	106.168
2852.830078	106.331
2873.502930	106.478
2894.325439	106.605
2915.298828	106.722
2936.424316	106.850
2957.702881	106.991
2979.135742	107.140
3000.723633	107.281
3022.468262	107.397
3044.370117	107.480
3066.430908	107.549
3088.651611	107.605
3111.033203	107.648
3133.577148	107.689
3156.284180	107.748
3179.156006	107.831
3202.193359	107.892
3225.397949	107.890
3248.770508	107.865
3272.312500	107.875
3296.024902	107.911
3319.909180	107.931
3343.966797	107.937
3368.198486	107.939
3392.605713	107.934
3417.189941	107.922
3441.952393	107.905
3466.894287	107.902
3492.016846	107.916
3517.321289	107.918
3542.809326	107.884
3568.481934	107.812
3594.340576	107.713
3620.386719	107.606
3646.621582	107.505
3673.046387	107.394
3699.662842	107.257
3726.472168	107.087
3753.475586	106.894
3780.675049	106.712
3808.071289	106.558
3835.666016	106.408
3863.460938	106.225
3891.457275	106.009
3919.656250	105.803
3948.059814	105.622
3976.668945	105.447
4005.485596	105.250
4034.510986	105.019
4063.746582	104.765
4093.194336	104.503
4122.855469	104.233
4152.730957	103.957
4182.823730	103.686
4213.133789	103.447
4243.664062	103.250
4274.415527	103.076
4305.389648	102.910
4336.588379	102.772
4368.013184	102.686
4399.665527	102.652
4431.547363	102.674
4463.660156	102.764
4496.005371	102.908
4528.585449	103.075
4561.401367	103.245
4594.455078	103.400
4627.748535	103.537
4661.283203	103.665
4695.060547	103.778
4729.083008	103.841
4763.352051	103.856
4797.869141	103.873
4832.636719	103.916
4867.655762	103.972
4902.928711	104.015
4938.457520	104.049
4974.243652	104.096
5010.289062	104.165
5046.595703	104.241
5083.165527	104.323
5120.000000	104.424
5157.101562	104.552
5194.472168	104.691
5232.113281	104.825
5270.027344	104.956
5308.216309	105.092
5346.681641	105.223
5385.426270	105.327
5424.451172	105.401
5463.758789	105.450
5503.351562	105.468
5543.230957	105.447
5583.399414	105.381
5623.859375	105.279
5664.611816	105.147
5705.660156	104.977
5747.005859	104.767
5788.650879	104.515
5830.597656	104.191
5872.848633	103.795
5915.405762	103.344
5958.271484	102.837
6001.447266	102.280
6044.936523	101.699
6088.740234	101.106
6132.861816	100.505
6177.303223	99.916
6222.066406	99.356
6267.154297	98.834
6312.568359	98.356
6358.312012	97.926
6404.386719	97.539
6450.795898	97.191
6497.541016	96.889
6544.625000	96.632
6592.049805	96.419
6639.818359	96.252
6687.933594	96.120
6736.396973	96.009
6785.211426	95.905
6834.379883	95.808
6883.904785	95.709
6933.788574	95.617
6984.033691	95.542
7034.642578	95.495
7085.618652	95.480
7136.963867	95.492
7188.681152	95.523
7240.773438	95.565
7293.243164	95.615
7346.092773	95.679
7399.325684	95.760
7452.944336	95.858
7506.951172	95.973
7561.350098	96.109
7616.142578	96.266
7671.332031	96.442
7726.921875	96.637
7782.914551	96.850
7839.312500	97.079
7896.119629	97.324
7953.337891	97.586
8010.971191	97.867
8069.021973	98.165
8127.493164	98.474
8186.388672	98.789
8245.710938	99.101
8305.461914	99.391
8365.647461	99.619
8426.267578	99.714
8487.328125	99.577
8548.831055	99.109
8610.779297	98.250
8673.176758	96.994
8736.026367	95.381
8799.331055	93.479
8863.094727	91.363
8927.320312	89.107
8992.010742	86.762
9057.170898	84.372
9122.802734	82.000
9188.910156	79.760
9255.497070	77.920
9322.566406	76.901
9390.121094	76.889
9458.166016	77.636
9526.704102	78.784
9595.738281	80.075
9665.273438	81.364
9735.311523	82.611
9805.857422	83.825
9876.915039	85.013
9948.487305	86.186
10020.578125	87.364
10093.191406	88.547
10166.331055	89.707
10240.000000	90.810
10314.203125	91.810
10388.944336	92.654
10464.226562	93.300
10540.054688	93.729
10616.432617	93.944
10693.363281	93.976
10770.852539	93.863
10848.902344	93.641
10927.517578	93.345
11006.703125	93.009
11086.461914	92.655
11166.798828	92.305
11247.718750	91.978
11329.223633	91.692
11411.320312	91.466
11494.011719	91.300
11577.301758	91.177
11661.195312	91.073
11745.697266	90.940
11830.811523	90.711
11916.542969	90.291
12002.894531	89.574
12089.873047	88.417
12177.480469	86.649
12265.723633	84.292
12354.606445	82.976
12444.132812	85.340
12534.308594	88.873
12625.136719	91.781
12716.624023	93.934
12808.773438	95.420
12901.591797	96.310
12995.082031	96.662
13089.250000	96.546
13184.099609	96.043
13279.636719	95.241
13375.867188	94.237
13472.793945	93.127
13570.422852	91.993
13668.759766	90.891
13767.809570	89.853
13867.577148	88.889
13968.067383	88.010
14069.285156	87.270
14171.237305	86.712
14273.927734	86.296
14377.362305	85.922
14481.546875	85.490
14586.486328	84.941
14692.185547	84.276
14798.651367	83.564
14905.888672	82.949
15013.902344	82.613
15122.700195	82.648
15232.285156	83.000
15342.664062	83.552
15453.843750	84.221
15565.829102	84.968
15678.625000	85.773
15792.239258	86.628
15906.675781	87.536
16021.942383	88.528
16138.043945	89.661
16254.986328	90.987
16372.777344	92.485
16491.421875	93.997
16610.923828	95.282
16731.294922	96.123
16852.535156	96.402
16974.656250	96.155
17097.662109	95.548
17221.558594	94.763
17346.353516	93.862
17472.052734	92.794
17598.662109	91.482
17726.189453	89.906
17854.640625	88.115
17984.021484	86.193
18114.341797	84.229
18245.605469	82.370
18377.820312	80.923
18510.994141	80.430
18645.132812	81.300
18780.242188	83.249
18916.332031	85.655
19053.408203	88.072
19191.476562	90.230
19330.546875	91.927
19470.623047	93.023
19611.714844	93.483
19753.830078	93.429
19896.974609	93.132
