20.290907	87.844
20.437943	87.899
20.586044	87.955
20.735220	88.013
20.885475	88.072
21.036821	88.129
21.189262	88.187
21.342808	88.246
21.497467	88.305
21.653246	88.364
21.810154	88.424
21.968201	88.484
22.127390	88.545
22.287735	88.606
22.449242	88.666
22.611917	88.727
22.775772	88.787
22.940815	88.846
23.107054	88.905
23.274498	88.964
23.443153	89.023
23.613033	89.081
23.784142	89.139
23.956491	89.196
24.130091	89.253
24.304947	89.309
24.481071	89.364
24.658470	89.419
24.837156	89.473
25.017136	89.526
25.198421	89.579
25.381020	89.632
25.564941	89.684
25.750195	89.736
25.936790	89.789
26.124741	89.841
26.314051	89.893
26.504732	89.945
26.696796	89.997
26.890253	90.049
27.085112	90.100
27.281382	90.151
27.479073	90.202
27.678198	90.252
27.878765	90.302
28.080786	90.352
28.284271	90.401
28.489231	90.451
28.695675	90.500
28.903616	90.550
29.113064	90.599
29.324028	90.649
29.536524	90.698
29.750557	90.747
29.966141	90.796
30.183289	90.844
30.402010	90.892
30.622314	90.940
30.844217	90.987
31.067726	91.034
31.292856	91.080
31.519617	91.126
31.748020	91.171
31.978081	91.216
32.209808	91.261
32.443211	91.305
32.678310	91.349
32.915108	91.392
33.153625	91.436
33.393871	91.479
33.635857	91.523
33.879597	91.567
34.125103	91.611
34.372387	91.655
34.621464	91.698
34.872345	91.741
35.125042	91.782
35.379574	91.822
35.635948	91.860
35.894180	91.898
36.154285	91.935
36.416275	91.972
36.680161	92.008
36.945961	92.044
37.213688	92.080
37.483353	92.116
37.754974	92.151
38.028561	92.188
38.304131	92.225
38.581699	92.264
38.861279	92.304
39.142883	92.346
39.426529	92.389
39.712231	92.431
40.000000	92.473
40.289856	92.513
40.581814	92.553
40.875885	92.592
41.172089	92.630
41.470440	92.669
41.770950	92.708
42.073643	92.747
42.378525	92.784
42.685616	92.819
42.994934	92.852
43.306492	92.882
43.620308	92.910
43.936401	92.935
44.254780	92.959
44.575470	92.980
44.898483	92.999
45.223835	93.016
45.551544	93.033
45.881630	93.051
46.214108	93.074
46.548996	93.102
46.886307	93.136
47.226067	93.174
47.568283	93.214
47.912983	93.256
48.260181	93.297
48.609894	93.336
48.962143	93.373
49.316940	93.407
49.674313	93.439
50.034271	93.468
50.396843	93.497
50.762039	93.525
51.129883	93.554
51.500389	93.581
51.873581	93.606
52.249481	93.628
52.628101	93.648
53.009464	93.669
53.393593	93.691
53.780506	93.715
54.170223	93.739
54.562763	93.762
54.958145	93.784
55.356396	93.804
55.757530	93.824
56.161572	93.844
56.568542	93.865
56.978462	93.884
57.391350	93.902
57.807232	93.920
58.226128	93.938
58.648056	93.956
59.073048	93.974
59.501114	93.991
59.932281	94.006
60.366577	94.022
60.804020	94.036
61.244629	94.051
61.688435	94.064
62.135452	94.075
62.585712	94.085
63.039234	94.097
63.496040	94.112
63.956161	94.128
64.419617	94.145
64.886421	94.161
65.356621	94.175
65.830215	94.188
66.307251	94.200
66.787743	94.214
67.271713	94.229
67.759193	94.245
68.250206	94.261
68.744774	94.277
69.242928	94.292
69.744690	94.308
70.250084	94.322
70.759148	94.337
71.271896	94.352
71.788361	94.367
72.308571	94.383
72.832550	94.399
73.360321	94.415
73.891922	94.432
74.427376	94.446
74.966705	94.458
75.509949	94.468
76.057121	94.477
76.608261	94.485
77.163399	94.490
77.722557	94.493
78.285767	94.492
78.853058	94.487
79.424461	94.478
80.000000	94.464
80.579712	94.444
81.163628	94.419
81.751770	94.389
82.344177	94.355
82.940880	94.315
83.541901	94.271
84.147285	94.222
84.757050	94.168
85.371231	94.113
85.989868	94.056
86.612984	93.998
87.240616	93.942
87.872803	93.888
88.509560	93.840
89.150940	93.797
89.796967	93.759
90.447670	93.725
91.103088	93.693
91.763260	93.669
92.428215	93.656
93.097992	93.661
93.772614	93.684
94.452133	93.721
95.136566	93.766
95.825966	93.810
96.520363	93.848
97.219788	93.879
97.924286	93.904
98.633881	93.923
99.348625	93.941
100.068542	93.959
100.793686	93.980
101.524078	94.003
102.259766	94.025
103.000778	94.046
103.747162	94.066
104.498962	94.086
105.256203	94.105
106.018929	94.128
106.787186	94.154
107.561012	94.186
108.340446	94.221
109.125526	94.258
109.916290	94.295
110.712791	94.329
111.515060	94.360
112.323143	94.388
113.137085	94.412
113.956924	94.431
114.782700	94.448
115.614464	94.462
116.452255	94.472
117.296112	94.481
118.146095	94.488
119.002228	94.495
119.864563	94.500
120.733154	94.505
121.608040	94.508
122.489258	94.511
123.376869	94.513
124.270905	94.516
125.171425	94.522
126.078468	94.531
126.992081	94.544
127.912323	94.558
128.839233	94.574
129.772842	94.590
130.713242	94.605
131.660431	94.619
132.614502	94.631
133.575485	94.643
134.543427	94.654
135.518387	94.664
136.500412	94.673
137.489548	94.682
138.485855	94.690
139.489380	94.698
140.500168	94.705
141.518295	94.712
142.543793	94.718
143.576721	94.725
144.617142	94.731
145.665100	94.737
146.720642	94.743
147.783844	94.749
148.854752	94.754
149.933411	94.760
151.019897	94.765
152.114243	94.770
153.216522	94.775
154.326797	94.779
155.445114	94.783
156.571533	94.786
157.706116	94.789
158.848923	94.791
160.000000	94.791
161.159424	94.787
162.327255	94.782
163.503540	94.776
164.688354	94.769
165.881760	94.763
167.083801	94.755
168.294571	94.748
169.514099	94.741
170.742462	94.734
171.979736	94.727
173.225967	94.721
174.481232	94.714
175.745605	94.706
177.019119	94.698
178.301880	94.689
179.593933	94.680
180.895340	94.670
182.206177	94.662
183.526520	94.653
184.856430	94.646
186.195984	94.639
187.545227	94.632
188.904266	94.625
190.273132	94.618
191.651932	94.609
193.040726	94.600
194.439575	94.591
195.848572	94.581
197.267761	94.572
198.697250	94.563
200.137085	94.556
201.587372	94.550
203.048157	94.545
204.519531	94.539
206.001556	94.534
207.494324	94.528
208.997925	94.521
210.512405	94.513
212.037857	94.503
213.574371	94.493
215.122025	94.481
216.680893	94.467
218.251053	94.453
219.832581	94.436
221.425583	94.418
223.030121	94.398
224.646286	94.376
226.274170	94.355
227.913849	94.335
229.565399	94.317
231.228928	94.303
232.904510	94.292
234.592224	94.286
236.292191	94.283
238.004456	94.284
239.729126	94.287
241.466309	94.290
243.216080	94.293
244.978516	94.297
246.753738	94.300
248.541809	94.302
250.342850	94.303
252.156937	94.301
253.984161	94.299
255.824646	94.295
257.678467	94.291
259.545685	94.285
261.426483	94.280
263.320862	94.273
265.229004	94.266
267.150970	94.259
269.086853	94.251
271.036774	94.242
273.000824	94.234
274.979095	94.225
276.971710	94.215
278.978760	94.205
281.000336	94.194
283.036591	94.182
285.087585	94.170
287.153442	94.157
289.234283	94.145
291.330200	94.133
293.441284	94.121
295.567688	94.110
297.709503	94.099
299.866821	94.088
302.039795	94.078
304.228485	94.067
306.433044	94.056
308.653595	94.046
310.890228	94.037
313.143066	94.030
315.412231	94.026
317.697845	94.025
320.000000	94.026
322.318848	94.027
324.654510	94.028
327.007080	94.028
329.376709	94.028
331.763519	94.028
334.167603	94.027
336.589142	94.026
339.028198	94.025
341.484924	94.023
343.959473	94.022
346.451935	94.022
348.962463	94.021
351.491211	94.021
354.038239	94.021
356.603760	94.020
359.187866	94.021
361.790680	94.022
364.412354	94.023
367.053040	94.026
369.712860	94.029
372.391968	94.031
375.090454	94.034
377.808533	94.037
380.546265	94.040
383.303864	94.043
386.081451	94.047
388.879150	94.050
391.697144	94.055
394.535522	94.061
397.394501	94.067
400.274170	94.073
403.174744	94.079
406.096313	94.086
409.039062	94.092
412.003113	94.098
414.988647	94.104
417.995850	94.111
421.024811	94.118
424.075714	94.125
427.148743	94.131
430.244049	94.137
433.361786	94.142
436.502106	94.146
439.665161	94.148
442.851166	94.149
446.060242	94.151
449.292572	94.155
452.548340	94.160
455.827698	94.164
459.130798	94.168
462.457855	94.170
465.809021	94.172
469.184448	94.174
472.584381	94.175
476.008911	94.177
479.458252	94.183
482.932617	94.190
486.432159	94.198
489.957031	94.206
493.507477	94.213
497.083618	94.221
500.685699	94.228
504.313873	94.236
507.968323	94.244
511.649292	94.252
515.356934	94.261
519.091370	94.272
522.852966	94.285
526.641724	94.300
530.458008	94.316
534.301941	94.330
538.173706	94.345
542.073547	94.361
546.001648	94.377
549.958191	94.392
553.943420	94.407
557.957520	94.422
562.000671	94.436
566.073181	94.451
570.175171	94.465
574.306885	94.480
578.468567	94.496
582.660400	94.513
586.882568	94.533
591.135376	94.555
595.419006	94.577
599.733643	94.598
604.079590	94.619
608.456970	94.640
612.866089	94.661
617.307190	94.681
621.780457	94.703
626.286133	94.730
630.824463	94.763
635.395691	94.800
640.000000	94.841
644.637695	94.884
649.309021	94.926
654.014160	94.965
658.753418	95.004
663.527039	95.043
668.335205	95.081
673.178284	95.118
678.056396	95.155
682.969849	95.191
687.918945	95.227
692.903870	95.262
697.924927	95.296
702.982422	95.325
708.076477	95.352
713.207520	95.377
718.375732	95.403
723.581360	95.430
728.824707	95.458
734.106079	95.488
739.425720	95.514
744.783936	95.539
750.180908	95.565
755.617065	95.596
761.092529	95.635
766.607727	95.677
772.162903	95.716
777.758301	95.752
783.394287	95.785
789.071045	95.822
794.789001	95.862
800.548340	95.908
806.349487	95.955
812.192627	95.994
818.078125	96.016
824.006226	96.022
829.977295	96.019
835.991699	96.010
842.049622	96.000
848.151428	95.985
854.297485	95.964
860.488098	95.937
866.723572	95.910
873.004211	95.892
879.330322	95.888
885.702332	95.896
892.120483	95.909
898.585144	95.921
905.096680	95.930
911.655396	95.936
918.261597	95.941
924.915710	95.948
931.618042	95.963
938.368896	95.987
945.168762	96.022
952.017822	96.064
958.916504	96.110
965.865234	96.161
972.864319	96.223
979.914062	96.292
987.014954	96.363
994.167236	96.435
1001.371399	96.502
1008.627747	96.555
1015.936646	96.596
1023.298584	96.640
1030.713867	96.689
1038.182739	96.735
1045.705933	96.768
1053.283447	96.792
1060.916016	96.816
1068.603882	96.841
1076.347412	96.862
1084.147095	96.888
1092.003296	96.933
1099.916382	96.985
1107.886841	97.027
1115.915039	97.066
1124.001343	97.115
1132.146362	97.174
1140.350342	97.228
1148.613770	97.270
1156.937134	97.302
1165.320801	97.331
1173.765137	97.355
1182.270752	97.373
1190.838013	97.377
1199.467285	97.365
1208.159180	97.351
1216.913940	97.351
1225.732178	97.363
1234.614380	97.387
1243.560913	97.430
1252.572266	97.482
1261.648926	97.534
1270.791382	97.600
1280.000000	97.672
1289.275391	97.731
1298.618042	97.778
1308.028320	97.829
1317.506836	97.885
1327.054077	97.938
1336.670410	97.977
1346.356567	98.004
1356.112793	98.043
1365.939697	98.084
1375.837891	98.120
1385.807739	98.168
1395.849854	98.216
1405.964844	98.248
1416.152954	98.276
1426.415039	98.317
1436.751465	98.359
1447.162720	98.395
1457.649414	98.418
1468.212158	98.446
1478.851440	98.503
1489.567871	98.561
1500.361816	98.585
1511.234131	98.582
1522.185059	98.577
1533.215454	98.573
1544.325806	98.585
1555.516602	98.618
1566.788574	98.657
1578.142090	98.709
1589.578003	98.754
1601.096680	98.800
1612.698975	98.871
1624.385254	98.942
1636.156250	99.005
1648.012451	99.067
1659.954590	99.117
1671.983398	99.166
1684.099243	99.243
1696.302856	99.329
1708.594971	99.405
1720.976196	99.460
1733.447144	99.498
1746.008423	99.538
1758.660645	99.576
1771.404663	99.591
1784.240967	99.612
1797.170288	99.660
1810.193359	99.717
1823.310791	99.791
1836.523193	99.871
1849.831421	99.942
1863.236084	100.010
1876.737793	100.075
1890.337524	100.127
1904.035645	100.160
1917.833008	100.161
1931.730469	100.130
1945.728638	100.114
1959.828125	100.140
1974.029907	100.211
1988.334473	100.319
2002.742798	100.452
2017.255493	100.593
2031.873291	100.714
2046.597168	100.795
2061.427734	100.856
2076.365479	100.907
2091.411865	100.932
2106.566895	100.977
2121.832031	101.051
2137.207764	101.114
2152.694824	101.179
2168.294189	101.239
2184.006592	101.273
2199.832764	101.270
2215.773682	101.253
2231.830078	101.297
2248.002686	101.401
2264.292725	101.534
2280.700684	101.683
2297.227539	101.827
2313.874268	101.954
2330.641602	102.063
2347.530273	102.153
2364.541504	102.238
2381.676025	102.350
2398.934570	102.520
2416.318359	102.728
2433.827881	102.920
2451.464355	103.073
2469.228760	103.193
2487.121826	103.304
2505.144531	103.382
2523.297852	103.456
2541.582764	103.590
2560.000000	103.797
2578.550781	104.038
2597.236084	104.260
2616.056641	104.430
2635.013672	104.567
2654.108154	104.713
2673.340820	104.867
2692.713135	105.017
2712.225586	105.180
2731.879395	105.356
2751.675781	105.512
2771.615479	105.635
2791.699707	105.746
2811.929688	105.869
2832.305908	105.998
2852.830078	106.117
2873.502930	106.241
2894.325439	106.389
2915.298828	106.555
2936.424316	106.714
2957.702881	106.832
2979.135742	106.932
3000.723633	107.052
3022.468262	107.181
3044.370117	107.284
3066.430908	107.343
3088.651611	107.388
3111.033203	107.441
3133.577148	107.495
3156.284180	107.546
3179.156006	107.615
3202.193359	107.699
3225.397949	107.767
3248.770508	107.810
3272.312500	107.854
3296.024902	107.904
3319.909180	107.925
3343.966797	107.921
3368.198486	107.925
3392.605713	107.946
3417.189941	107.943
3441.952393	107.907
3466.894287	107.860
3492.016846	107.815
3517.321289	107.786
3542.809326	107.777
3568.481934	107.758
3594.340576	107.696
3620.386719	107.586
3646.621582	107.450
3673.046387	107.317
3699.662842	107.191
3726.472168	107.063
3753.475586	106.917
3780.675049	106.752
3808.071289	106.581
3835.666016	106.412
3863.460938	106.243
3891.457275	106.063
3919.656250	105.872
3948.059814	105.670
3976.668945	105.451
4005.485596	105.214
4034.510986	104.966
4063.746582	104.716
4093.194336	104.461
4122.855469	104.209
4152.730957	103.962
4182.823730	103.706
4213.133789	103.447
4243.664062	103.214
4274.415527	103.015
4305.389648	102.846
4336.588379	102.711
4368.013184	102.626
4399.665527	102.607
4431.547363	102.664
4463.660156	102.789
4496.005371	102.933
4528.585449	103.072
4561.401367	103.241
4594.455078	103.446
4627.748535	103.643
4661.283203	103.810
4695.060547	103.934
4729.083008	104.008
4763.352051	104.046
4797.869141	104.066
4832.636719	104.080
4867.655762	104.095
4902.928711	104.116
4938.457520	104.141
4974.243652	104.166
5010.289062	104.194
5046.595703	104.236
5083.165527	104.301
5120.000000	104.379
5157.101562	104.452
5194.472168	104.520
5232.113281	104.584
5270.027344	104.639
5308.216309	104.680
5346.681641	104.702
5385.426270	104.692
5424.451172	104.654
5463.758789	104.590
5503.351562	104.495
5543.230957	104.373
5583.399414	104.243
5623.859375	104.118
5664.611816	104.001
5705.660156	103.889
5747.005859	103.780
5788.650879	103.670
5830.597656	103.540
5872.848633	103.391
5915.405762	103.220
5958.271484	102.993
6001.447266	102.688
6044.936523	102.330
6088.740234	101.931
6132.861816	101.492
6177.303223	101.010
6222.066406	100.517
6267.154297	100.060
6312.568359	99.624
6358.312012	99.194
6404.386719	98.787
6450.795898	98.417
6497.541016	98.089
6544.625000	97.805
6592.049805	97.559
6639.818359	97.346
6687.933594	97.159
6736.396973	96.990
6785.211426	96.835
6834.379883	96.694
6883.904785	96.562
6933.788574	96.438
6984.033691	96.323
7034.642578	96.218
7085.618652	96.121
7136.963867	96.034
7188.681152	95.954
7240.773438	95.877
7293.243164	95.808
7346.092773	95.752
7399.325684	95.706
7452.944336	95.671
7506.951172	95.643
7561.350098	95.621
7616.142578	95.610
7671.332031	95.616
7726.921875	95.633
7782.914551	95.653
7839.312500	95.672
7896.119629	95.678
7953.337891	95.666
8010.971191	95.635
8069.021973	95.569
8127.493164	95.462
8186.388672	95.322
8245.710938	95.166
8305.461914	95.018
8365.647461	94.903
8426.267578	94.841
8487.328125	94.825
8548.831055	94.798
8610.779297	94.662
8673.176758	94.289
8736.026367	93.532
8799.331055	92.273
8863.094727	90.488
8927.320312	88.277
8992.010742	85.864
9057.170898	83.569
9122.802734	81.703
9188.910156	80.506
9255.497070	79.983
9322.566406	79.920
9390.121094	80.105
9458.166016	80.442
9526.704102	80.883
9595.738281	81.411
9665.273438	82.020
9735.311523	82.703
9805.857422	83.467
9876.915039	84.324
9948.487305	85.283
10020.578125	86.331
10093.191406	87.457
10166.331055	88.663
10240.000000	89.931
10314.203125	91.228
10388.944336	92.505
10464.226562	93.686
10540.054688	94.652
10616.432617	95.284
10693.363281	95.502
10770.852539	95.291
10848.902344	94.709
10927.517578	93.870
11006.703125	92.911
11086.461914	91.939
11166.798828	91.018
11247.718750	90.173
11329.223633	89.418
11411.320312	88.756
11494.011719	88.180
11577.301758	87.672
11661.195312	87.193
11745.697266	86.707
11830.811523	86.179
11916.542969	85.655
12002.894531	85.359
12089.873047	85.753
12177.480469	87.165
12265.723633	89.290
12354.606445	91.549
12444.132812	93.599
12534.308594	95.311
12625.136719	96.649
12716.624023	97.601
12808.773438	98.160
12901.591797	98.321
12995.082031	98.085
13089.250000	97.462
13184.099609	96.489
13279.636719	95.227
13375.867188	93.732
13472.793945	92.057
13570.422852	90.261
13668.759766	88.395
13767.809570	86.467
13867.577148	84.488
13968.067383	82.545
14069.285156	80.857
14171.237305	79.832
14273.927734	79.883
14377.362305	80.842
14481.546875	82.145
14586.486328	83.284
14692.185547	83.918
14798.651367	83.956
14905.888672	83.553
15013.902344	83.063
15122.700195	82.826
15232.285156	82.960
15342.664062	83.376
15453.843750	83.942
15565.829102	84.558
15678.625000	85.176
15792.239258	85.787
15906.675781	86.404
16021.942383	87.098
16138.043945	88.013
16254.986328	89.293
16372.777344	90.938
16491.421875	92.731
16610.923828	94.327
16731.294922	95.404
16852.535156	95.786
16974.656250	95.520
17097.662109	94.808
17221.558594	93.865
17346.353516	92.812
17472.052734	91.684
17598.662109	90.499
17726.189453	89.299
17854.640625	88.154
17984.021484	87.136
18114.341797	86.268
18245.605469	85.536
18377.820312	84.966
18510.994141	84.659
18645.132812	84.728
18780.242188	85.227
18916.332031	86.136
19053.408203	87.344
19191.476562	88.700
19330.546875	90.024
19470.623047	91.120
19611.714844	91.843
19753.830078	92.170
19896.974609	92.222
