20.290907	87.811
20.437943	87.868
20.586044	87.926
20.735220	87.987
20.885475	88.049
21.036821	88.109
21.189262	88.169
21.342808	88.230
21.497467	88.289
21.653246	88.349
21.810154	88.409
21.968201	88.469
22.127390	88.530
22.287735	88.590
22.449242	88.650
22.611917	88.710
22.775772	88.770
22.940815	88.830
23.107054	88.889
23.274498	88.948
23.443153	89.007
23.613033	89.065
23.784142	89.123
23.956491	89.180
24.130091	89.237
24.304947	89.293
24.481071	89.349
24.658470	89.405
24.837156	89.460
25.017136	89.515
25.198421	89.569
25.381020	89.623
25.564941	89.677
25.750195	89.730
25.936790	89.784
26.124741	89.837
26.314051	89.889
26.504732	89.942
26.696796	89.994
26.890253	90.047
27.085112	90.099
27.281382	90.152
27.479073	90.205
27.678198	90.258
27.878765	90.310
28.080786	90.363
28.284271	90.414
28.489231	90.465
28.695675	90.515
28.903616	90.563
29.113064	90.611
29.324028	90.657
29.536524	90.704
29.750557	90.750
29.966141	90.797
30.183289	90.844
30.402010	90.893
30.622314	90.942
30.844217	90.992
31.067726	91.041
31.292856	91.091
31.519617	91.139
31.748020	91.187
31.978081	91.233
32.209808	91.279
32.443211	91.324
32.678310	91.368
32.915108	91.413
33.153625	91.458
33.393871	91.503
33.635857	91.548
33.879597	91.592
34.125103	91.636
34.372387	91.679
34.621464	91.722
34.872345	91.763
35.125042	91.803
35.379574	91.843
35.635948	91.882
35.894180	91.920
36.154285	91.959
36.416275	91.997
36.680161	92.035
36.945961	92.073
37.213688	92.112
37.483353	92.151
37.754974	92.191
38.028561	92.233
38.304131	92.275
38.581699	92.317
38.861279	92.360
39.142883	92.403
39.426529	92.446
39.712231	92.487
40.000000	92.528
40.289856	92.568
40.581814	92.606
40.875885	92.644
41.172089	92.681
41.470440	92.717
41.770950	92.753
42.073643	92.788
42.378525	92.823
42.685616	92.857
42.994934	92.890
43.306492	92.921
43.620308	92.951
43.936401	92.979
44.254780	93.004
44.575470	93.026
44.898483	93.045
45.223835	93.063
45.551544	93.083
45.881630	93.108
46.214108	93.140
46.548996	93.179
46.886307	93.223
47.226067	93.268
47.568283	93.311
47.912983	93.351
48.260181	93.387
48.609894	93.422
48.962143	93.457
49.316940	93.492
49.674313	93.527
50.034271	93.558
50.396843	93.583
50.762039	93.606
51.129883	93.628
51.500389	93.652
51.873581	93.677
52.249481	93.701
52.628101	93.725
53.009464	93.748
53.393593	93.771
53.780506	93.794
54.170223	93.817
54.562763	93.840
54.958145	93.862
55.356396	93.883
55.757530	93.904
56.161572	93.925
56.568542	93.947
56.978462	93.967
57.391350	93.986
57.807232	94.003
58.226128	94.020
58.648056	94.038
59.073048	94.056
59.501114	94.073
59.932281	94.088
60.366577	94.102
60.804020	94.115
61.244629	94.129
61.688435	94.143
62.135452	94.156
62.585712	94.167
63.039234	94.178
63.496040	94.189
63.956161	94.201
64.419617	94.214
64.886421	94.226
65.356621	94.239
65.830215	94.252
66.307251	94.266
66.787743	94.280
67.271713	94.295
67.759193	94.312
68.250206	94.329
68.744774	94.348
69.242928	94.367
69.744690	94.385
70.250084	94.404
70.759148	94.423
71.271896	94.442
71.788361	94.461
72.308571	94.478
72.832550	94.494
73.360321	94.508
73.891922	94.519
74.427376	94.528
74.966705	94.535
75.509949	94.539
76.057121	94.540
76.608261	94.537
77.163399	94.531
77.722557	94.522
78.285767	94.508
78.853058	94.491
79.424461	94.469
80.000000	94.444
80.579712	94.413
81.163628	94.379
81.751770	94.343
82.344177	94.306
82.940880	94.271
83.541901	94.241
84.147285	94.217
84.757050	94.199
85.371231	94.189
85.989868	94.182
86.612984	94.176
87.240616	94.169
87.872803	94.157
88.509560	94.141
89.150940	94.118
89.796967	94.086
90.447670	94.046
91.103088	93.997
91.763260	93.942
92.428215	93.887
93.097992	93.841
93.772614	93.813
94.452133	93.807
95.136566	93.823
95.825966	93.854
96.520363	93.894
97.219788	93.935
97.924286	93.974
98.633881	94.010
99.348625	94.045
100.068542	94.080
100.793686	94.116
101.524078	94.150
102.259766	94.184
103.000778	94.218
103.747162	94.252
104.498962	94.288
105.256203	94.326
106.018929	94.366
106.787186	94.405
107.561012	94.442
108.340446	94.477
109.125526	94.508
109.916290	94.534
110.712791	94.557
111.515060	94.576
112.323143	94.591
113.137085	94.603
113.956924	94.613
114.782700	94.620
115.614464	94.626
116.452255	94.629
117.296112	94.629
118.146095	94.628
119.002228	94.625
119.864563	94.622
120.733154	94.620
121.608040	94.621
122.489258	94.625
123.376869	94.631
124.270905	94.638
125.171425	94.646
126.078468	94.656
126.992081	94.667
127.912323	94.679
128.839233	94.691
129.772842	94.704
130.713242	94.717
131.660431	94.731
132.614502	94.745
133.575485	94.757
134.543427	94.769
135.518387	94.780
136.500412	94.790
137.489548	94.800
138.485855	94.808
139.489380	94.817
140.500168	94.824
141.518295	94.831
142.543793	94.837
143.576721	94.843
144.617142	94.848
145.665100	94.854
146.720642	94.858
147.783844	94.863
148.854752	94.866
149.933411	94.870
151.019897	94.873
152.114243	94.876
153.216522	94.878
154.326797	94.880
155.445114	94.883
156.571533	94.886
157.706116	94.888
158.848923	94.889
160.000000	94.888
161.159424	94.884
162.327255	94.879
163.503540	94.872
164.688354	94.865
165.881760	94.858
167.083801	94.850
168.294571	94.843
169.514099	94.835
170.742462	94.827
171.979736	94.819
173.225967	94.810
174.481232	94.801
175.745605	94.791
177.019119	94.781
178.301880	94.771
179.593933	94.760
180.895340	94.751
182.206177	94.740
183.526520	94.730
184.856430	94.718
186.195984	94.704
187.545227	94.689
188.904266	94.673
190.273132	94.655
191.651932	94.638
193.040726	94.621
194.439575	94.606
195.848572	94.594
197.267761	94.585
198.697250	94.577
200.137085	94.570
201.587372	94.565
203.048157	94.560
204.519531	94.555
206.001556	94.549
207.494324	94.541
208.997925	94.533
210.512405	94.523
212.037857	94.513
213.574371	94.501
215.122025	94.488
216.680893	94.473
218.251053	94.457
219.832581	94.440
221.425583	94.421
223.030121	94.401
224.646286	94.381
226.274170	94.360
227.913849	94.341
229.565399	94.325
231.228928	94.311
232.904510	94.301
234.592224	94.295
236.292191	94.292
238.004456	94.292
239.729126	94.293
241.466309	94.294
243.216080	94.294
244.978516	94.293
246.753738	94.291
248.541809	94.288
250.342850	94.282
252.156937	94.274
253.984161	94.264
255.824646	94.252
257.678467	94.240
259.545685	94.226
261.426483	94.213
263.320862	94.198
265.229004	94.183
267.150970	94.168
269.086853	94.153
271.036774	94.138
273.000824	94.122
274.979095	94.106
276.971710	94.089
278.978760	94.072
281.000336	94.054
283.036591	94.037
285.087585	94.020
287.153442	94.005
289.234283	93.991
291.330200	93.979
293.441284	93.968
295.567688	93.958
297.709503	93.949
299.866821	93.941
302.039795	93.933
304.228485	93.924
306.433044	93.915
308.653595	93.907
310.890228	93.899
313.143066	93.894
315.412231	93.890
317.697845	93.889
320.000000	93.890
322.318848	93.891
324.654510	93.893
327.007080	93.894
329.376709	93.895
331.763519	93.895
334.167603	93.895
336.589142	93.894
339.028198	93.894
341.484924	93.893
343.959473	93.892
346.451935	93.892
348.962463	93.892
351.491211	93.892
354.038239	93.892
356.603760	93.893
359.187866	93.894
361.790680	93.895
364.412354	93.898
367.053040	93.902
369.712860	93.906
372.391968	93.909
375.090454	93.912
377.808533	93.915
380.546265	93.917
383.303864	93.919
386.081451	93.921
388.879150	93.924
391.697144	93.928
394.535522	93.933
397.394501	93.938
400.274170	93.944
403.174744	93.950
406.096313	93.956
409.039062	93.961
412.003113	93.966
414.988647	93.971
417.995850	93.978
421.024811	93.985
424.075714	93.992
427.148743	93.998
430.244049	94.004
433.361786	94.011
436.502106	94.018
439.665161	94.022
442.851166	94.025
446.060242	94.028
449.292572	94.033
452.548340	94.040
455.827698	94.047
459.130798	94.054
462.457855	94.061
465.809021	94.066
469.184448	94.071
472.584381	94.076
476.008911	94.080
479.458252	94.087
482.932617	94.097
486.432159	94.108
489.957031	94.118
493.507477	94.128
497.083618	94.137
500.685699	94.146
504.313873	94.156
507.968323	94.166
511.649292	94.175
515.356934	94.184
519.091370	94.193
522.852966	94.204
526.641724	94.216
530.458008	94.227
534.301941	94.237
538.173706	94.247
542.073547	94.257
546.001648	94.270
549.958191	94.285
553.943420	94.302
557.957520	94.321
562.000671	94.342
566.073181	94.364
570.175171	94.387
574.306885	94.410
578.468567	94.433
582.660400	94.455
586.882568	94.477
591.135376	94.500
595.419006	94.523
599.733643	94.545
604.079590	94.564
608.456970	94.583
612.866089	94.603
617.307190	94.620
621.780457	94.638
626.286133	94.661
630.824463	94.688
635.395691	94.718
640.000000	94.750
644.637695	94.784
649.309021	94.816
654.014160	94.844
658.753418	94.868
663.527039	94.890
668.335205	94.912
673.178284	94.936
678.056396	94.964
682.969849	94.995
687.918945	95.026
692.903870	95.060
697.924927	95.093
702.982422	95.122
708.076477	95.146
713.207520	95.166
718.375732	95.186
723.581360	95.208
728.824707	95.233
734.106079	95.261
739.425720	95.289
744.783936	95.318
750.180908	95.349
755.617065	95.384
761.092529	95.424
766.607727	95.470
772.162903	95.517
777.758301	95.561
783.394287	95.601
789.071045	95.643
794.789001	95.690
800.548340	95.740
806.349487	95.789
812.192627	95.832
818.078125	95.863
824.006226	95.884
829.977295	95.896
835.991699	95.904
842.049622	95.915
848.151428	95.925
854.297485	95.928
860.488098	95.921
866.723572	95.911
873.004211	95.906
879.330322	95.909
885.702332	95.918
892.120483	95.927
898.585144	95.932
905.096680	95.931
911.655396	95.926
918.261597	95.925
924.915710	95.929
931.618042	95.936
938.368896	95.952
945.168762	95.981
952.017822	96.024
958.916504	96.070
965.865234	96.112
972.864319	96.158
979.914062	96.214
987.014954	96.274
994.167236	96.336
1001.371399	96.390
1008.627747	96.433
1015.936646	96.468
1023.298584	96.506
1030.713867	96.552
1038.182739	96.598
1045.705933	96.631
1053.283447	96.654
1060.916016	96.678
1068.603882	96.713
1076.347412	96.749
1084.147095	96.786
1092.003296	96.834
1099.916382	96.883
1107.886841	96.925
1115.915039	96.964
1124.001343	97.003
1132.146362	97.048
1140.350342	97.093
1148.613770	97.124
1156.937134	97.143
1165.320801	97.161
1173.765137	97.176
1182.270752	97.192
1190.838013	97.211
1199.467285	97.230
1208.159180	97.247
1216.913940	97.253
1225.732178	97.259
1234.614380	97.289
1243.560913	97.338
1252.572266	97.387
1261.648926	97.431
1270.791382	97.479
1280.000000	97.527
1289.275391	97.569
1298.618042	97.611
1308.028320	97.664
1317.506836	97.714
1327.054077	97.746
1336.670410	97.761
1346.356567	97.774
1356.112793	97.800
1365.939697	97.837
1375.837891	97.879
1385.807739	97.928
1395.849854	97.983
1405.964844	98.032
1416.152954	98.072
1426.415039	98.117
1436.751465	98.157
1447.162720	98.185
1457.649414	98.222
1468.212158	98.269
1478.851440	98.302
1489.567871	98.333
1500.361816	98.362
1511.234131	98.365
1522.185059	98.344
1533.215454	98.342
1544.325806	98.376
1555.516602	98.432
1566.788574	98.496
1578.142090	98.565
1589.578003	98.625
1601.096680	98.677
1612.698975	98.735
1624.385254	98.770
1636.156250	98.770
1648.012451	98.785
1659.954590	98.818
1671.983398	98.858
1684.099243	98.926
1696.302856	99.011
1708.594971	99.103
1720.976196	99.185
1733.447144	99.240
1746.008423	99.280
1758.660645	99.294
1771.404663	99.273
1784.240967	99.255
1797.170288	99.274
1810.193359	99.327
1823.310791	99.409
1836.523193	99.508
1849.831421	99.582
1863.236084	99.618
1876.737793	99.638
1890.337524	99.655
1904.035645	99.682
1917.833008	99.713
1931.730469	99.742
1945.728638	99.765
1959.828125	99.814
1974.029907	99.908
1988.334473	100.017
2002.742798	100.120
2017.255493	100.209
2031.873291	100.253
2046.597168	100.249
2061.427734	100.257
2076.365479	100.300
2091.411865	100.371
2106.566895	100.494
2121.832031	100.642
2137.207764	100.755
2152.694824	100.823
2168.294189	100.866
2184.006592	100.910
2199.832764	100.980
2215.773682	101.065
2231.830078	101.170
2248.002686	101.293
2264.292725	101.411
2280.700684	101.507
2297.227539	101.584
2313.874268	101.609
2330.641602	101.604
2347.530273	101.644
2364.541504	101.757
2381.676025	101.932
2398.934570	102.139
2416.318359	102.336
2433.827881	102.497
2451.464355	102.643
2469.228760	102.788
2487.121826	102.941
2505.144531	103.100
2523.297852	103.299
2541.582764	103.560
2560.000000	103.835
2578.550781	104.067
2597.236084	104.223
2616.056641	104.331
2635.013672	104.446
2654.108154	104.604
2673.340820	104.792
2692.713135	104.981
2712.225586	105.175
2731.879395	105.368
2751.675781	105.526
2771.615479	105.634
2791.699707	105.707
2811.929688	105.800
2832.305908	105.934
2852.830078	106.094
2873.502930	106.249
2894.325439	106.390
2915.298828	106.513
2936.424316	106.621
2957.702881	106.720
2979.135742	106.827
3000.723633	106.942
3022.468262	107.054
3044.370117	107.153
3066.430908	107.249
3088.651611	107.330
3111.033203	107.389
3133.577148	107.443
3156.284180	107.522
3179.156006	107.622
3202.193359	107.696
3225.397949	107.714
3248.770508	107.708
3272.312500	107.717
3296.024902	107.746
3319.909180	107.775
3343.966797	107.805
3368.198486	107.827
3392.605713	107.831
3417.189941	107.822
3441.952393	107.807
3466.894287	107.808
3492.016846	107.836
3517.321289	107.866
3542.809326	107.854
3568.481934	107.802
3594.340576	107.730
3620.386719	107.663
3646.621582	107.612
3673.046387	107.547
3699.662842	107.444
3726.472168	107.302
3753.475586	107.137
3780.675049	106.986
3808.071289	106.857
3835.666016	106.731
3863.460938	106.573
3891.457275	106.385
3919.656250	106.208
3948.059814	106.051
3976.668945	105.887
4005.485596	105.691
4034.510986	105.467
4063.746582	105.236
4093.194336	105.004
4122.855469	104.773
4152.730957	104.543
4182.823730	104.321
4213.133789	104.122
4243.664062	103.953
4274.415527	103.808
4305.389648	103.680
4336.588379	103.597
4368.013184	103.577
4399.665527	103.610
4431.547363	103.690
4463.660156	103.821
4496.005371	103.999
4528.585449	104.214
4561.401367	104.442
4594.455078	104.653
4627.748535	104.838
4661.283203	105.001
4695.060547	105.126
4729.083008	105.191
4763.352051	105.209
4797.869141	105.217
4832.636719	105.221
4867.655762	105.198
4902.928711	105.138
4938.457520	105.065
4974.243652	104.998
5010.289062	104.932
5046.595703	104.852
5083.165527	104.762
5120.000000	104.675
5157.101562	104.592
5194.472168	104.505
5232.113281	104.400
5270.027344	104.280
5308.216309	104.156
5346.681641	104.018
5385.426270	103.861
5424.451172	103.678
5463.758789	103.463
5503.351562	103.231
5543.230957	102.988
5583.399414	102.721
5623.859375	102.443
5664.611816	102.187
5705.660156	101.981
5747.005859	101.836
5788.650879	101.740
5830.597656	101.678
5872.848633	101.648
5915.405762	101.637
5958.271484	101.613
6001.447266	101.558
6044.936523	101.462
6088.740234	101.316
6132.861816	101.118
6177.303223	100.868
6222.066406	100.571
6267.154297	100.248
6312.568359	99.919
6358.312012	99.591
6404.386719	99.270
6450.795898	98.971
6497.541016	98.695
6544.625000	98.438
6592.049805	98.200
6639.818359	97.981
6687.933594	97.771
6736.396973	97.564
6785.211426	97.355
6834.379883	97.146
6883.904785	96.934
6933.788574	96.730
6984.033691	96.535
7034.642578	96.352
7085.618652	96.190
7136.963867	96.054
7188.681152	95.947
7240.773438	95.863
7293.243164	95.798
7346.092773	95.753
7399.325684	95.730
7452.944336	95.737
7506.951172	95.775
7561.350098	95.842
7616.142578	95.933
7671.332031	96.050
7726.921875	96.192
7782.914551	96.356
7839.312500	96.540
7896.119629	96.737
7953.337891	96.935
8010.971191	97.129
8069.021973	97.303
8127.493164	97.444
8186.388672	97.544
8245.710938	97.594
8305.461914	97.584
8365.647461	97.510
8426.267578	97.368
8487.328125	97.136
8548.831055	96.764
8610.779297	96.175
8673.176758	95.303
8736.026367	94.109
8799.331055	92.597
8863.094727	90.828
8927.320312	88.908
8992.010742	86.955
9057.170898	85.104
9122.802734	83.479
9188.910156	82.190
9255.497070	81.334
9322.566406	80.912
9390.121094	80.880
9458.166016	81.150
9526.704102	81.607
9595.738281	82.181
9665.273438	82.843
9735.311523	83.595
9805.857422	84.432
9876.915039	85.346
9948.487305	86.321
10020.578125	87.346
10093.191406	88.433
10166.331055	89.553
10240.000000	90.663
10314.203125	91.728
10388.944336	92.676
10464.226562	93.411
10540.054688	93.827
10616.432617	93.856
10693.363281	93.513
10770.852539	92.879
10848.902344	92.052
10927.517578	91.108
11006.703125	90.116
11086.461914	89.124
11166.798828	88.175
11247.718750	87.318
11329.223633	86.630
11411.320312	86.206
11494.011719	86.097
11577.301758	86.269
11661.195312	86.629
11745.697266	87.056
11830.811523	87.455
11916.542969	87.776
12002.894531	88.006
12089.873047	88.156
12177.480469	88.255
12265.723633	88.346
12354.606445	88.499
12444.132812	88.786
12534.308594	89.255
12625.136719	89.829
12716.624023	90.307
12808.773438	90.415
12901.591797	89.870
12995.082031	88.455
13089.250000	86.067
13184.099609	82.760
13279.636719	79.413
13375.867188	78.963
13472.793945	81.243
13570.422852	83.588
13668.759766	85.425
13767.809570	86.795
13867.577148	87.776
13968.067383	88.454
14069.285156	88.942
14171.237305	89.377
14273.927734	89.892
14377.362305	90.583
14481.546875	91.460
14586.486328	92.418
14692.185547	93.254
14798.651367	93.786
14905.888672	93.974
15013.902344	93.938
15122.700195	93.836
15232.285156	93.731
15342.664062	93.559
15453.843750	93.209
15565.829102	92.606
15678.625000	91.761
15792.239258	90.743
15906.675781	89.641
16021.942383	88.595
16138.043945	87.807
16254.986328	87.443
16372.777344	87.490
16491.421875	87.756
16610.923828	88.030
16731.294922	88.192
16852.535156	88.216
16974.656250	88.125
17097.662109	87.955
17221.558594	87.732
17346.353516	87.500
17472.052734	87.309
17598.662109	87.206
17726.189453	87.219
17854.640625	87.300
17984.021484	87.301
18114.341797	87.027
18245.605469	86.308
18377.820312	85.087
18510.994141	83.514
18645.132812	82.190
18780.242188	82.220
18916.332031	83.850
19053.408203	86.114
19191.476562	88.303
19330.546875	90.119
19470.623047	91.399
19611.714844	92.038
19753.830078	92.054
19896.974609	91.683
