
Frequency	dB	Unweighted
19.5	62.6
19.8	62.2
20.1	62.0
20.3	62.3
20.6	62.8
20.9	62.9
21.2	62.5
21.6	62.4
21.9	63.3
22.2	62.3
22.5	63.5
22.8	63.6
23.2	63.6
23.5	63.3
23.8	63.3
24.2	64.1
24.5	64.1
24.9	63.9
25.3	63.2
25.6	63.2
26	64.5
26.4	64.6
26.8	64.0
27.2	64.6
27.5	64.0
28	64.6
28.4	64.6
28.8	64.3
29.2	64.8
29.6	65.4
30	64.3
30.5	65.2
30.9	64.4
31.4	65.0
31.8	65.6
32.3	65.6
32.8	65.1
33.2	66.0
33.7	65.6
34.2	64.9
34.7	65.5
35.2	66.1
35.7	65.3
36.2	64.9
36.8	66.2
37.3	66.1
37.9	66.2
38.4	65.3
39	66.4
39.5	66.0
40.1	66.0
40.7	66.6
41.3	65.9
41.9	65.7
42.5	67.1
43.1	67.1
43.7	66.7
44.4	66.0
45	66.4
45.7	67.3
46.3	67.5
47	66.8
47.7	66.6
48.4	67.2
49.1	66.3
49.8	66.7
50.5	66.6
51.3	67.2
52	67.1
52.8	66.9
53.5	67.2
54.3	67.3
55.1	67.5
55.9	67.9
56.7	66.7
57.5	66.8
58.4	66.9
59.2	67.6
60.1	67.4
61	67.2
61.8	67.7
62.7	67.6
63.7	67.8
64.6	67.2
65.5	68.1
66.5	67.6
67.4	68.4
68.4	67.9
69.4	67.6
70.4	68.7
71.5	67.7
72.5	67.6
73.5	68.5
74.6	68.6
75.7	67.6
76.8	69.0
77.9	68.9
79.1	68.1
80.2	67.9
81.4	68.5
82.6	68.2
83.8	69.1
85	67.8
86.2	68.7
87.5	67.8
88.7	68.2
90	68.0
91.3	68.4
92.7	67.8
94	68.8
95.4	69.1
96.8	68.9
98.2	69.3
99.6	68.5
101	68.2
103	67.9
104	68.5
106	69.0
107	68.1
109	67.9
110	68.1
112	68.6
113	68.1
115	69.0
117	69.3
118	69.0
120	68.4
122	68.6
124	68.1
125	68.3
127	67.8
129	68.9
131	67.8
133	68.9
135	68.0
137	68.9
139	68.0
141	68.0
143	68.0
145	68.6
147	68.4
149	68.6
151	69.0
154	68.6
156	68.8
158	68.2
160	68.8
163	68.4
165	68.7
168	67.5
170	68.6
172	68.3
175	68.6
177	68.5
180	67.4
183	67.8
185	68.5
188	68.3
191	67.4
194	67.4
196	68.2
199	67.7
202	68.2
205	67.6
208	67.5
211	67.3
214	66.9
217	67.9
220	67.1
224	66.6
227	67.7
230	67.6
234	66.8
237	67.6
240	67.5
244	66.6
247	67.4
251	67.4
255	67.1
258	66.7
262	66.4
266	66.8
270	66.9
274	66.2
278	66.4
282	66.0
286	66.8
290	66.6
294	66.0
298	66.3
303	66.0
307	65.2
312	65.1
316	65.1
321	64.8
325	65.3
330	65.9
335	64.8
340	65.3
345	64.6
350	65.5
355	64.7
360	64.9
365	63.7
371	65.0
376	64.4
382	64.7
387	64.6
393	64.1
398	64.2
404	63.5
410	63.7
416	63.4
422	62.7
428	62.5
434	63.2
441	62.4
447	62.9
454	62.2
460	62.1
467	62.6
474	62.0
481	62.3
488	61.9
495	62.4
502	62.0
509	61.9
517	60.7
524	61.9
532	61.2
540	61.5
547	60.4
555	60.5
563	60.9
572	60.0
580	60.0
588	60.4
597	60.5
606	59.5
614	59.5
623	59.4
632	59.1
642	58.9
651	59.0
660	58.7
670	58.9
680	58.6
690	58.4
700	59.1
710	59.3
720	58.2
731	58.3
741	58.8
752	57.7
763	58.6
774	58.0
785	58.3
797	57.7
808	57.0
820	58.1
832	57.0
844	57.7
856	57.8
869	57.6
882	57.6
894	57.3
907	57.2
921	57.1
934	57.1
948	56.9
961	56.5
975	56.0
990	56.9
1004	56.2
1019	56.3
1033	56.3
1048	57.1
1064	56.0
1079	56.7
1095	56.2
1111	56.2
1127	56.1
1143	56.4
1160	56.2
1177	56.7
1194	56.7
1211	55.7
1229	57.2
1247	56.1
1265	56.1
1283	56.5
1302	57.3
1321	56.9
1340	57.5
1360	57.2
1379	56.6
1399	57.3
1420	57.4
1440	57.5
1461	58.1
1483	58.3
1504	58.4
1526	58.2
1548	58.5
1571	58.7
1594	57.9
1617	59.0
1640	58.9
1664	60.0
1688	59.3
1713	60.5
1738	60.4
1763	61.2
1789	61.3
1815	61.5
1841	61.6
1868	61.3
1895	62.5
1923	62.5
1951	63.0
1979	64.1
2008	63.7
2037	64.6
2067	64.5
2097	65.8
2127	66.2
2158	66.1
2190	66.3
2221	66.8
2254	68.5
2287	68.5
2320	69.1
2354	69.0
2388	70.3
2423	70.7
2458	71.3
2494	71.4
2530	71.6
2567	72.8
2604	72.4
2642	74.1
2680	74.2
2719	75.2
2759	74.1
2799	74.7
2840	76.1
2881	75.3
2923	76.0
2965	75.8
3008	76.0
3052	76.3
3097	77.3
3142	76.7
3187	76.6
3234	77.7
3281	77.5
3328	77.7
3377	76.4
3426	76.7
3476	77.3
3526	76.2
3578	76.1
3630	75.0
3682	74.8
3736	75.5
3790	73.7
3846	73.4
3901	73.2
3958	72.7
4016	71.8
4074	71.7
4133	71.3
4194	71.0
4255	69.6
4316	69.6
4379	68.9
4443	69.6
4508	68.8
4573	69.6
4640	69.0
4707	69.3
4776	69.4
4845	69.3
4916	68.1
4987	68.1
5060	68.0
5133	66.0
5208	65.7
5284	63.7
5360	62.7
5438	62.6
5518	60.8
5598	60.4
5679	60.5
5762	59.5
5846	60.0
5931	59.6
6017	59.4
6104	59.4
6193	59.9
6283	60.2
6375	60.9
6467	60.1
6561	59.8
6657	60.2
6754	60.3
6852	59.9
6952	59.0
7053	59.2
7155	59.6
7259	58.3
7365	58.0
7472	58.7
7581	58.9
7691	59.2
7803	57.5
7916	57.2
8032	57.4
8148	55.6
8267	56.4
8387	55.4
8509	56.0
8633	56.2
8758	56.2
8886	55.7
9015	56.4
9146	57.0
9279	57.9
9414	57.3
9551	58.7
9690	58.7
9831	58.9
9974	57.7
10119	56.7
10266	57.2
10416	56.9
10567	56.6
10721	55.6
10877	56.4
11035	55.8
11196	55.6
11358	55.5
11524	54.0
11691	52.7
11861	50.3
12034	50.2
12209	49.4
12386	47.3
12567	47.1
12749	45.7
12935	44.5
13123	42.9
13314	41.4
13507	39.9
13704	39.5
13903	39.0
14105	37.9
14311	36.5
14519	36.4
14730	36.5
14944	35.0
15162	34.8
15382	35.0
15606	34.4
15833	34.2
16063	35.4
16297	35.5
16534	35.1
16774	35.2
17018	35.2
17266	35.8
17517	37.1
17772	36.5
18030	37.4
18293	38.9
18559	40.7
18829	41.4
19102	43.0
19380	44.3
20000	47.7
overall dB	0.0 dB
decay	Average
averaging	No Smoothing
source	Totally Made Up


saved	--/-/--, --:-- AM
peak	0.0Hz
